7 -99 28 34 24 -29 -96 -13 -26 -90 36 -36 62 5 -41 -68 -21 33 -59 35 -21 35 72 -30 -66 63 82 2 83 -97 62 9 -1 -72 -75 21 -100 36 -75 -51 -36 -13 -93 -96 -19 84 -67 -81 -4 83 21 20 -86 -93 14 49 88 45 1 -83 -31 33 86 -99 33 -29 47 53 -32 -94 -97 -65 -27 85 45 -2 86 8 8 20 34 -6 -100 -13 -94 43 21 95 -4 61 69 -90 -86 -44 -23 79 18 -3 -20 93 62 -86 49 23 59 88 -44 67 79 84 46 -82 -78 82 12 -10 78 48 -56 42 58 24 26 6 16 -1 -72 -30
-57 -11 -1 94 58 49 -95 26 -97 85 -35 24 -79 93 70 -10 61 -27 -23 49 -67 58 -26 -43 -11 -3 38 47 -23 92 3 54 73 51 89 62 -31 12 -24 -2 16 -24 44 42 -55 62 -100 -73 34 -65 63 27 83 18 97 -26 58 37 -47 85 48 -33 3 -97 -17 -45 16 -51 98 -75 1 -5 -9 -59 95 -39 15 90 50 8 85 48 64 -42 17 14 -12 76 -39 73 12 20 10 2 -17 83 60 -56 46 17 28 86 83 88 12 -53 85 -37 -65 5 56 21 27 27 61 27 -73 58 -29 -71 -45 51 4 92 9 -89 13 96
38 -22 -82 30 79 -27 65 13 3 -85 26 84 -83 96 74 35 16 -97 5 -3 -14 -89 16 -26 37 -80 75 23 46 94 -8 -17 -5 39 62 -81 3 -93 -42 94 40 -69 14 -25 85 69 -86 23 -38 -54 -28 88 63 -24 -7 -49 -29 69 -15 4 -90 23 -83 -31 -5 78 70 76 -68 -49 14 -12 -1 -93 -97 -70 40 76 -63 -67 4 38 53 -97 -99 19 -30 94 -26 12 20 -59 -33 93 -8 -43 -24 14 18 -90 -20 71 59 -92 66 99 48 -61 70 -22 -17 13 17 100 -100 12 -55 -45 -30 -45 39 -68 -54 -59 -7 -86 -6 78
97 -10 35 56 88 -59 62 75 90 60 78 13 11 70 -31 -24 -9 -31 -76 -28 8 83 -29 99 -80 66 17 57 62 55 88 88 -71 69 -76 18 -79 0 -31 25 -15 67 -64 -59 -41 41 -77 31 41 -81 -61 14 -2 -43 -47 29 -39 -63 37 74 82 33 91 13 100 -21 34 81 25 -44 -25 -23 -8 -32 -39 -83 32 1 80 -52 74 42 56 -36 94 -70 8 -21 -29 52 61 -45 -21 -34 -16 50 -23 -72 -24 60 17 -51 54 39 -23 -93 21 -3 -25 -54 11 -14 -88 65 32 28 -35 -72 85 -57 -39 31 -39 -71 -61 60 82 -90
25 38 -1 -96 37 -51 -70 61 -12 81 91 16 32 80 23 60 55 33 62 12 47 82 -5 -38 -80 -2 29 33 89 -45 42 19 -15 54 7 -47 47 17 -86 -44 62 -48 92 -42 46 -22 -8 -37 98 30 26 10 66 8 62 57 46 22 36 100 29 -81 -72 -41 -77 95 32 34 -21 13 -29 53 78 -88 -28 -32 27 12 52 45 -1 -43 -13 -75 8 -53 24 14 24 -3 -60 2 31 95 -67 -28 -78 48 -50 19 -65 -53 50 -96 59 -3 42 21 -39 15 -63 -75 2 -47 -69 52 -49 -65 -13 21 -43 -12 46 -58 63 -13 -70 -98
23 24 60 31 33 -8 63 -49 -65 45 -51 31 74 3 -29 73 -5 75 -32 100 -69 42 25 -52 -51 12 9 -5 81 12 100 -3 18 57 92 91 -95 -64 -94 30 -60 -88 -76 28 -65 -58 -97 24 -67 19 -27 78 67 51 30 88 -71 81 99 95 -38 91 -17 -51 92 49 89 24 54 89 -53 -70 70 -65 52 -38 28 -34 -1 54 -95 98 85 19 -65 -11 20 -67 -63 83 -98 77 97 91 6 -1 -85 -21 -77 15 39 40 -62 11 -14 45 10 -21 -46 52 -18 -99 50 66 51 -42 -2 -92 81 16 48 -72 85 -28 15 -79 37 77
-11 -53 67 9 -65 66 4 50 -25 -76 53 -72 99 -72 19 -58 -75 -7 20 -36 66 -78 -21 -7 -46 -68 -5 -57 83 80 1 4 31 76 8 -35 28 -19 63 -38 -53 27 41 -66 -63 54 -39 4 -77 -7 -7 13 34 80 6 -23 0 51 -72 81 30 39 -52 -62 26 61 -70 -39 -41 54 -97 -45 94 37 -73 10 4 33 36 46 -61 -6 -87 -81 46 -100 80 -79 52 -28 28 35 -59 100 -34 70 -91 -30 26 -57 -67 -48 -86 -60 -7 -18 89 -78 94 82 -19 78 90 -32 15 -84 -77 -44 -97 60 38 55 50 -82 92 76 -58 -31
-83 98 70 -66 -43 -40 61 -11 -36 -5 -92 -90 -69 -48 38 -68 78 3 19 80 36 -96 -41 -17 -81 -89 -37 38 32 47 -20 -14 -23 58 39 86 -56 26 -94 49 73 -70 11 46 76 98 -12 86 12 30 -25 7 27 -37 -36 -21 -72 50 16 87 -79 -55 63 94 -56 -60 -19 -25 62 73 98 97 -15 21 -59 57 89 91 46 -69 72 -3 -39 -49 -13 50 -29 19 43 -41 38 -10 -78 3 -32 -12 -98 -90 -61 -29 -71 -44 82 -51 72 -4 -97 -13 -63 96 -7 -96 29 96 28 -9 77 -42 -79 -17 -84 49 1 -9 29 47 33 32
-98 55 -80 23 67 68 93 -72 -35 41 -60 -87 64 -13 -28 48 10 37 -8 66 1 -9 46 -45 61 35 26 -7 -47 40 -36 55 -48 86 -86 -74 -7 -9 -30 -38 -36 12 -35 -87 90 -85 -76 39 -83 -29 84 49 -68 44 -87 -47 74 -24 41 -49 69 75 -92 1 64 92 -35 19 -21 13 42 -49 87 97 47 81 -19 -71 80 60 95 71 44 81 85 -71 -60 -88 -81 -31 89 -88 -13 22 -38 22 -58 -69 95 -65 38 74 48 -25 -25 -73 -57 -13 58 43 92 -79 45 -50 65 -58 -64 -32 -66 -81 59 75 88 -94 1 19 -63 29
-69 95 68 11 -19 -23 -85 -49 53 -54 84 6 55 -47 33 33 -1 -57 -9 89 -96 14 -99 -98 30 -85 35 86 -34 19 -24 86 1 -9 17 -62 -87 49 -10 -51 -71 15 -1 70 35 15 31 24 -71 28 -41 -80 69 -64 95 -42 76 -93 69 -81 42 -21 13 56 -4 -92 -90 63 -18 37 -92 -57 53 78 11 91 -52 53 -42 19 22 0 -100 -79 -56 -46 -84 -56 25 -47 -26 31 73 -92 92 -95 -79 10 75 -56 -24 74 -71 27 15 74 -42 26 43 33 -28 -42 -10 -100 79 26 -94 13 73 -95 24 -27 -58 89 26 -37 -70 42
92 -17 -37 -45 -25 79 -97 73 -90 -96 -15 -8 -72 -16 100 -31 45 92 93 58 63 23 -29 -36 -87 97 -23 -52 79 -17 -71 -84 -84 -57 -22 -64 47 18 -90 36 -66 40 -30 32 84 -38 86 -11 -91 -22 -85 1 -22 -69 -23 56 61 -99 -46 46 -45 98 45 71 -49 -20 -60 99 -5 8 -77 -77 46 -17 12 -68 21 73 73 37 89 -15 -5 -69 49 63 -92 -93 39 98 -73 32 -92 -44 95 33 -20 -39 10 -24 -37 75 -53 -4 65 -13 -38 84 98 -61 -53 -66 -14 -17 -3 -6 -79 96 -3 77 -46 68 91 70 -39 34 -73 63
-35 -20 57 33 75 -43 -13 29 30 11 6 5 -28 21 -77 81 70 -35 0 32 -25 95 82 37 32 54 -20 -29 -10 -33 36 -48 38 56 81 -89 -61 -34 81 24 8 -62 98 -100 -79 -17 -13 74 92 -34 -58 64 36 -9 64 -92 41 -6 -61 -10 60 -47 20 73 -64 87 83 -62 -2 89 -31 -31 -60 37 43 81 -2 -87 -18 -21 -46 44 -82 15 -42 -82 10 46 -27 14 19 61 14 -10 -99 67 -94 46 -16 81 -79 -55 31 45 -46 72 31 29 42 -5 -50 57 28 -98 -79 92 44 -11 -98 73 -21 -40 -59 93 -94 -26 91 1
35 36 0 -59 60 0 52 87 -85 68 19 -87 -57 21 -79 -72 -82 -34 40 11 -85 -72 39 -36 -59 -12 -92 -96 90 40 -3 -38 50 -15 56 21 -59 10 58 93 34 -79 -36 -44 -48 -32 -49 5 83 -95 -94 80 43 -47 90 -19 -91 4 53 24 -49 -43 95 -100 -44 0 62 17 20 -64 -14 -15 -84 69 -93 47 41 10 12 -47 99 14 -14 -77 -86 -92 -7 58 -24 -53 -45 -79 -100 -25 39 -70 -66 -35 29 -25 77 -100 15 18 75 -10 -96 10 -89 -7 -69 23 -17 29 -70 63 64 44 -89 35 9 -68 -5 -97 0 -88 26 79
77 -5 44 100 63 -10 -59 39 79 -21 11 -81 62 -52 -20 13 -44 14 -34 -58 -62 48 33 -57 31 35 -39 54 60 -93 11 76 -15 -72 88 -4 4 -86 5 -4 -41 -48 -84 67 96 66 -86 100 59 76 -55 12 27 -73 19 -60 48 -74 -87 24 -36 6 -27 9 11 86 -96 -14 -53 -89 -32 -100 68 -89 23 -27 79 -91 62 -96 25 -54 38 50 34 -59 -89 91 -70 -30 83 73 68 9 25 15 -55 65 -74 52 -42 -95 40 33 -22 59 -16 59 -42 91 62 19 -9 2 77 -57 100 -20 83 5 -57 -53 36 -40 23 -36 -19 32
-34 -7 40 45 -30 -89 53 4 41 -41 81 -43 16 -19 58 -26 72 -55 -44 -80 75 -1 33 -75 -75 56 81 85 71 -87 -30 -9 26 26 7 -64 85 94 93 68 -11 -52 62 80 -15 89 -69 64 -28 -76 78 22 48 98 50 54 -81 -60 -76 76 -25 83 -100 67 99 -100 -62 -80 -83 71 -30 74 -4 3 21 35 8 70 -5 17 56 -89 39 35 -87 51 -97 -57 51 -15 -16 35 10 -73 -26 -26 69 -71 11 -30 -1 72 -46 85 -27 49 -67 91 50 3 -70 -79 62 -73 -12 69 -2 95 1 -73 62 46 -62 27 -4 29 50 -87
74 59 40 39 23 -56 -57 29 -67 -79 39 93 -43 -94 -23 -9 77 -86 14 -17 -64 -47 -9 10 84 45 -59 19 -14 35 59 -31 99 -38 99 -88 -58 10 95 16 -11 -16 70 28 -29 -94 -25 -8 -56 67 -8 67 -9 -80 9 -7 73 2 81 73 -2 55 68 -42 16 -6 -11 -85 -78 -30 100 90 11 -12 -58 42 88 58 47 -85 -62 -1 81 -34 27 -5 -16 69 92 -75 81 -15 9 -98 -7 -76 81 -11 -36 62 -65 63 -88 47 -70 -16 82 -96 70 8 -56 95 80 -22 69 67 -64 57 -12 49 31 -49 64 -23 -18 -6 -31 86
70 -87 95 60 12 71 -76 86 98 88 9 -73 -96 -76 35 -18 -99 -7 -34 -87 -88 -97 41 50 -1 -75 -40 40 -42 88 -45 35 77 -39 94 -35 -61 -26 -5 -75 83 88 -24 -76 -80 55 -62 -30 69 84 55 96 -29 -72 -43 29 -57 48 -40 -83 -7 78 7 -20 -47 -91 -16 85 6 64 -78 -41 -67 -86 43 34 -55 -47 21 62 42 -87 -21 -25 -73 54 53 -30 -64 -45 30 -43 -62 43 -16 49 2 -84 19 -74 6 88 -26 67 79 -52 17 -19 -84 -56 -68 -7 -1 -5 96 62 16 -91 94 -85 -98 63 62 -9 82 -67 -80 31
-82 -30 58 9 86 67 66 74 84 -17 29 -7 -58 44 -8 7 2 -30 68 41 -32 69 97 49 0 -51 88 84 33 -78 35 -24 -18 -9 -23 -93 41 -53 -18 60 55 42 -25 -32 16 -73 33 73 12 -75 -94 58 -69 -74 -14 36 47 -6 -67 -81 57 -6 -3 43 -99 -20 -51 -36 66 -96 59 -80 95 35 -8 88 -27 -51 91 -41 -45 -24 75 39 47 32 91 3 7 67 -71 45 64 -10 41 -7 -95 23 -40 38 -47 -94 -93 -28 7 75 -8 85 -94 13 -62 -40 48 88 25 73 71 70 99 -23 -88 65 70 -43 41 -96 -73 -60
85 -66 -21 -95 -58 -88 -10 20 52 39 49 -42 22 88 81 61 -45 -49 -4 42 50 90 54 -36 50 100 14 50 -56 26 -37 -52 -17 -39 -19 -80 17 -65 51 59 -52 -15 27 -61 -46 -21 -10 -40 13 -92 66 95 43 -7 18 88 -12 -63 -46 -4 29 -71 61 74 47 -66 13 -89 55 -55 -11 37 -66 7 69 -91 -71 -54 -4 -50 94 -72 35 -21 95 58 -41 -25 57 82 -87 -1 39 -74 53 69 -94 67 -80 -63 24 26 -15 65 64 -46 -78 62 -31 -26 29 30 -75 30 -17 17 61 -74 -84 -14 79 -84 -89 73 43 -46 61 -76
-74 4 -87 93 36 -18 81 77 -29 -9 -72 20 -43 89 3 80 59 -40 57 -65 82 31 -9 -98 -55 90 -31 -9 -82 -80 -98 68 -4 -76 -10 -43 41 -3 4 -64 68 10 53 3 -50 -73 58 88 82 -83 -79 -55 -96 79 6 63 53 -45 -34 74 89 98 -37 12 -28 90 2 -100 -24 -65 46 0 0 95 -33 41 -63 -42 49 15 90 -73 50 65 58 -16 2 -57 -23 54 -49 28 -88 -33 -96 51 -32 46 -17 39 -34 -98 -13 -76 -43 33 -15 44 52 -50 88 -79 3 66 75 -97 74 45 -7 -6 7 61 99 42 -88 -88 32 3
-99 70 -88 31 -28 52 74 -76 21 79 44 -89 32 90 -73 -60 -67 -61 -22 89 -35 -19 -33 -75 -82 -38 -85 -79 72 -34 -94 18 83 76 -63 -60 87 38 49 88 -26 -36 -64 -97 -67 -51 4 95 1 5 -59 -59 -55 11 -64 40 14 -98 -99 85 -43 -2 14 13 59 -41 46 -70 88 -76 21 -71 -47 -35 -6 56 88 -91 -73 -28 1 -53 38 9 3 -16 43 19 -8 66 55 -1 -81 -37 71 -23 -97 1 -17 24 33 -58 0 6 -45 11 23 44 -83 25 17 49 -76 -95 -20 40 -73 -38 -97 -44 86 17 33 77 -83 -2 -3 -86
-35 -85 28 -97 -90 94 66 -32 -9 48 84 98 -6 -55 94 58 -77 -54 -86 12 -20 53 21 43 36 88 -41 12 11 -42 -75 44 53 -48 7 -36 -65 11 0 80 92 52 -76 -27 -52 84 -82 14 -75 -12 68 14 20 89 27 100 -74 16 79 -29 97 16 67 45 84 46 -31 18 -98 60 -37 -31 -39 92 68 -39 36 34 81 85 -94 -19 40 -28 75 -42 -12 -35 60 29 70 38 89 -95 24 -48 -30 15 -96 49 -20 98 17 43 84 44 -63 -43 -56 42 -61 -89 6 -74 -47 27 -33 -10 -43 -70 90 -12 1 100 -38 14 -42 -92
-33 15 -86 13 -37 81 -96 -57 78 -52 46 -22 55 -77 9 -15 92 -44 46 -37 -14 -18 -24 18 -1 -29 -62 -9 36 -73 1 -43 64 34 35 93 -32 -80 79 61 -100 29 28 -77 -44 32 5 64 -19 55 -84 88 14 85 -76 -77 -68 -89 3 84 -93 24 -81 90 22 47 -98 2 -17 -13 -26 91 -99 -48 -81 -5 3 80 -75 48 -93 38 23 -42 96 -72 25 -5 74 86 82 -74 39 -84 29 -57 73 15 81 -63 68 71 -64 45 -70 -60 95 -36 -75 7 -6 100 34 -26 23 -38 66 12 -8 73 -24 54 -21 -62 -3 -50 -40 -50
57 -65 24 -18 -2 -18 0 -92 91 -66 46 82 96 99 51 17 27 63 -24 -57 20 -73 35 -34 -58 42 34 -54 -65 -58 72 -69 18 -59 -98 -39 -28 17 -87 -48 -57 8 18 50 36 -47 -10 56 68 -42 -19 82 41 45 -90 -4 57 -15 -29 -21 -67 -21 -87 -55 45 50 74 -60 -51 52 16 93 -38 28 95 33 -24 -96 47 1 -75 -57 80 18 -32 42 23 -25 62 9 11 -94 -21 58 -57 -17 -37 -31 -3 -16 57 -88 -35 99 42 -34 -77 -73 72 88 -59 91 69 -40 -4 40 27 89 -22 44 88 -24 29 -71 8 -17 91 -81
79 -61 10 -44 35 -31 -86 51 46 68 -94 76 62 -39 65 -16 37 77 -65 -98 97 74 -18 -46 37 65 -39 -78 -11 -94 -34 -93 -32 40 -53 -26 -66 0 -64 56 21 58 31 32 -22 71 -83 -13 56 19 29 -90 40 91 96 4 10 12 63 24 60 -74 -66 23 -78 -63 10 -88 71 99 -96 1 41 6 -52 -22 -92 76 2 -78 -94 -56 28 47 70 -32 -67 23 -14 1 20 76 -90 -74 22 -33 43 87 88 -46 14 22 15 -34 -78 42 -85 -10 9 11 -39 55 42 65 51 -53 -21 50 19 7 -48 -5 -98 -83 27 74 82 10
-25 -24 -74 -2 45 7 -33 84 -28 -88 -32 -46 -37 9 -36 60 -47 -75 -21 -67 10 26 -16 0 88 -71 -27 -78 -32 -41 11 -13 -90 36 -48 -92 50 21 -11 46 -7 -1 -37 -70 92 69 -51 45 -12 -74 -99 89 -18 16 22 34 -13 -51 -51 -9 -91 -5 13 -52 21 -17 -59 18 73 68 -88 66 -56 -20 53 -30 -81 76 -86 28 19 -100 9 -15 60 -100 -14 -93 -56 92 -94 -7 24 55 -91 56 -44 20 -62 85 -93 -52 -97 89 39 -60 25 -17 -22 67 49 50 -42 -64 -57 68 -18 -99 -53 24 83 31 38 56 -79 -29 -89 -72
-13 93 27 94 -46 65 36 48 -97 -63 82 51 77 -46 -67 -46 -71 56 -12 74 -68 14 -11 75 -67 60 63 -94 -67 77 25 38 -10 -21 -46 -92 -88 75 -83 -24 -18 10 76 -8 3 92 -31 9 80 -63 -82 -81 64 88 65 -24 66 -69 87 63 49 1 -80 -38 -99 51 -4 -24 -68 1 -28 -33 -11 47 -12 -18 94 93 76 -28 50 92 94 22 74 -44 97 50 -33 -56 -96 73 -99 -89 49 75 -2 67 83 82 11 -12 -42 -18 16 93 68 17 38 -97 23 20 94 89 4 82 22 25 -73 61 -26 85 -40 6 4 9 -1 97
49 24 -35 -52 44 -95 -47 -91 89 -83 10 26 -55 -84 25 -81 41 29 67 -90 13 95 -76 100 48 5 -41 -5 38 72 -82 93 -100 61 36 93 -78 8 -24 78 -35 22 -9 43 51 -57 -22 44 -84 74 71 -94 -88 47 29 -79 12 74 -80 29 -16 49 -24 -83 -75 1 3 -71 82 38 67 11 0 -93 -50 18 81 32 -51 51 12 14 72 -13 -75 -23 58 -78 23 51 88 -14 -85 -97 73 -89 -92 -37 8 -78 100 -14 8 40 39 -17 -76 85 61 -66 -83 4 -5 -97 -62 -37 15 -29 57 -16 -93 36 86 -66 26 -92 9 53
-4 2 -5 -13 -54 95 -92 -36 -19 -68 30 78 -23 31 -40 -57 84 -74 -54 -29 -19 -58 -98 -51 -60 50 -71 65 -76 -8 -100 -53 81 14 -66 -52 83 -85 25 -44 -16 -78 97 95 92 93 95 -96 60 -74 29 -53 -18 -92 -48 -38 72 72 84 87 -37 -76 40 83 50 84 92 38 6 16 41 -73 -87 70 -53 -86 99 -97 -34 -1 -62 -18 64 -41 -92 -75 -54 51 10 -68 -33 67 30 -30 10 -80 76 90 -52 53 53 -65 -8 -68 50 -50 -63 65 -65 -69 -13 -74 84 31 27 -17 4 68 -37 -37 -51 47 -87 -80 -19 -24 50 45
-42 -53 -29 -43 48 -7 47 31 49 -34 -69 -66 48 40 -71 -45 -22 -56 -17 -68 -56 61 14 48 -47 3 -22 -50 -73 -79 72 -39 -85 -85 35 -69 -3 -60 -72 -4 -64 -48 -61 -60 99 67 -42 -62 39 54 -66 -65 -44 -38 -98 -6 -20 1 -4 43 -27 -97 -82 -59 29 -58 92 83 41 72 -8 78 -26 45 -1 -56 -73 35 -76 -11 84 -75 -89 63 -7 92 -79 11 -35 -60 92 -98 -1 -11 84 -82 -67 68 91 -7 53 -19 -45 7 -46 -10 -91 -82 -34 27 -94 2 51 -13 -74 -92 -39 15 5 68 -50 -45 35 -54 -100 -96 75 40
-37 75 -52 -76 88 -38 72 58 -37 -92 14 60 96 99 -8 24 -34 -2 -43 16 -14 -26 -67 -27 65 7 48 45 72 -19 25 61 -62 -16 -26 73 76 75 -40 -43 -19 -91 31 -43 -43 55 -74 78 -43 -19 7 -42 -57 -32 -20 -88 -47 -84 67 -90 -57 -53 -41 -11 13 11 -68 68 -21 42 77 47 -64 -51 -62 10 -83 61 -5 35 -74 -5 -14 65 30 86 20 32 57 56 48 -60 -31 -25 -90 -12 -36 -37 -31 -69 -14 12 48 86 15 -51 -90 87 76 -84 -35 -67 62 -44 67 -2 -14 86 74 72 -57 84 -76 -93 61 -28 78 -84
-64 90 -19 79 -43 -37 42 -83 12 -47 94 47 -73 -26 77 -44 10 -80 77 -12 -29 30 -86 55 86 -67 18 100 73 -73 49 -67 31 -20 37 -31 -69 -41 -1 -24 -65 -56 45 -94 73 -94 77 47 92 2 -60 -99 86 -37 -83 17 94 53 91 -89 -57 -98 57 -62 -48 -81 43 14 65 59 -94 46 66 -95 13 49 -19 -74 -86 -13 -35 -46 -21 -20 -54 44 -36 -9 -9 90 59 86 76 78 100 74 98 84 72 -75 40 69 -74 71 55 -67 70 98 -1 56 78 -85 -48 -10 57 11 -92 -72 -9 48 -51 29 -51 2 -25 45 -99 68
100 -8 -76 -76 -95 -48 -29 13 87 -1 98 27 15 43 -20 99 -3 60 -29 -41 -59 2 -7 -27 65 -17 -94 23 -63 -47 -73 33 20 8 -41 -10 -21 84 -70 -32 79 -36 19 -72 -36 -66 4 -42 88 -24 -98 45 -51 56 76 6 -12 26 51 75 -16 -99 49 -86 -9 87 -46 -36 -4 -44 -50 -84 -66 39 79 31 -2 92 -10 -62 -77 -12 -90 70 -53 25 -45 23 6 84 -13 -100 45 -19 57 -13 -93 -23 33 -94 -92 -60 -44 -63 57 -100 -20 -40 90 62 -29 29 31 8 76 -1 85 -36 -89 -28 -28 74 -39 -59 1 -27 28 0
-29 74 33 94 -71 87 32 71 93 50 66 59 96 94 -32 -62 -67 85 98 -11 -84 85 -11 -40 82 87 70 82 -37 89 -65 -24 80 -87 -72 77 38 -16 48 22 -54 29 -49 -49 67 -90 24 -86 -35 -69 -61 62 -70 30 51 -18 -93 29 -81 40 16 -35 -86 57 72 -75 96 -16 -77 65 -68 -78 27 82 8 -41 15 -75 97 19 -58 97 -76 37 -82 11 77 -92 77 -91 -70 7 -5 -91 -20 3 19 38 41 73 -14 -36 6 -59 -39 65 98 -34 -86 -88 -4 47 78 -4 82 -90 -1 -12 -82 -77 -1 -24 99 -60 -67 -6 -14 -63
-32 -82 -37 -68 -17 -77 -48 -54 -58 15 -50 -62 -28 -74 -24 99 -51 -21 -62 80 96 99 100 1 53 -96 1 -98 -62 -3 43 -55 -68 84 -20 -62 -69 49 47 6 -65 -43 5 83 -68 68 -31 6 -84 62 -31 25 54 -58 67 49 8 37 56 52 -69 -3 -20 -81 -66 42 -1 -43 52 15 35 -43 -64 -31 86 69 42 -94 79 -2 -10 99 92 35 21 -91 94 85 -92 66 28 85 36 20 61 60 -99 98 31 97 -28 25 54 13 72 96 -61 93 59 -53 -79 29 -54 7 6 -12 67 -33 30 79 5 -24 -9 -75 12 -69 -52 15
3 2 -32 -89 -28 16 17 19 -43 -93 17 -8 -86 -49 8 -54 97 44 1 -20 55 86 -95 31 -71 30 -70 67 -60 -21 -85 87 46 49 3 57 84 -89 35 -37 -98 -83 -97 14 27 -98 -8 -87 -96 -69 -12 -1 -28 -79 -18 -90 -71 5 5 -36 -37 -11 -86 71 -84 31 94 -12 39 -66 94 -59 -37 43 7 29 56 27 -49 86 53 29 4 58 98 -50 52 38 -53 86 54 69 65 7 87 -41 72 35 91 -82 70 -42 -18 -41 48 -86 89 -4 -80 67 -68 -74 -40 -37 -43 -29 28 46 -7 -79 -54 -7 -47 -73 -87 -5 -71 83
86 93 -94 22 -44 -85 67 -3 72 46 43 82 58 -10 -63 -18 -51 100 17 -17 -51 -87 -30 -62 96 -20 27 -83 -60 -25 -90 -92 36 84 -69 82 -76 57 -78 -84 -35 38 -65 22 -68 -32 -36 -93 66 69 64 46 -34 -27 86 76 -2 68 -98 39 86 20 -71 93 -51 85 -90 1 -5 50 5 20 -79 48 83 -59 0 -10 96 -71 -59 -60 -16 -52 67 85 80 -94 -32 -73 20 -44 -27 -100 36 -30 95 -32 58 -51 -16 -55 -21 65 -90 -98 -13 19 -83 -69 36 -23 -84 53 16 95 -47 -64 89 33 -35 26 -12 89 -43 -20 -10 -96
-76 52 32 -29 -52 -24 99 -84 27 53 -81 -1 3 77 -95 52 4 82 -57 -70 -87 73 36 -37 -29 9 -3 -49 0 -45 81 88 66 3 -46 36 87 16 26 61 97 -3 -51 -38 -51 85 77 46 -94 -29 -58 24 -56 -26 97 52 21 -62 70 -55 13 52 -16 -17 -34 -15 81 -58 86 89 -83 -33 -68 -64 33 -58 -16 8 63 17 88 -96 76 -5 -75 -8 -13 82 84 -17 -24 -1 42 68 85 24 -19 59 -82 73 -76 -81 -57 91 41 91 -58 -15 80 -35 57 -89 85 -69 42 88 42 -69 -75 99 -11 -45 -13 58 -97 69 35 -39
-78 33 1 -7 -86 -54 67 -63 -27 58 49 71 16 55 -76 -64 78 45 -36 5 59 76 29 96 10 95 84 27 68 -69 -29 62 46 -37 -92 -88 4 -28 72 -27 -68 33 -41 78 91 -73 39 -23 -93 -97 44 -15 46 75 -34 -50 95 -89 17 -38 1 -65 -23 -49 94 -95 -65 -21 -72 75 40 -19 27 64 -6 -2 82 6 -27 75 -55 7 50 -72 -50 73 63 5 -60 74 11 -92 -57 11 -1 -85 -10 -90 10 40 2 -40 75 74 -21 -32 -78 2 55 -50 39 -54 4 -78 66 -24 20 93 47 -96 -72 -62 -72 -9 -47 29 10 45
-18 81 71 39 -27 -25 81 -52 73 94 -51 -43 30 -21 72 -44 -90 -40 87 -61 75 62 54 80 -99 -53 70 -41 -11 -53 22 34 32 66 83 73 -83 -48 -11 3 -32 -66 -60 -9 88 38 79 -61 -79 98 64 -22 36 -99 80 83 -4 62 40 -25 45 7 -46 24 57 13 -95 98 -6 -71 35 90 -54 -10 -89 -91 -67 20 -83 70 -9 -46 0 -72 97 51 81 -30 -81 47 50 54 -61 -32 -58 -95 26 -30 21 74 34 98 84 -72 23 78 -40 61 -94 33 45 -10 89 17 96 81 -58 56 -74 -62 80 15 78 -46 -52 14 -93 64
-99 -65 98 -22 -3 9 9 -36 96 99 48 50 43 -84 99 -26 -36 -83 -57 9 30 -9 -1 9 -31 9 75 -79 95 87 -32 -30 28 -48 12 52 69 37 -85 79 -43 49 31 -91 -15 16 -58 -41 -30 -47 -27 47 -91 -49 49 -37 -10 43 26 78 83 88 -97 40 -23 68 -77 -96 6 77 23 -55 -60 81 -53 -89 -56 -3 -48 7 -78 68 -51 19 -5 -25 94 -78 -64 -15 57 62 83 -85 70 -81 43 -74 -11 70 -63 -93 -15 47 32 17 -50 34 -88 -83 -44 37 23 72 -84 19 -7 32 -31 -9 -76 -96 -10 -82 -30 -36 -36 38
-24 25 -63 6 14 -4 73 -73 23 -86 86 75 -82 -56 21 -11 25 -80 -7 34 -29 49 -66 -69 -30 49 -45 45 10 67 37 4 -15 8 88 -48 -97 -49 -6 -96 -87 75 -69 24 -55 -78 99 52 51 36 17 29 88 -4 -79 -93 23 88 47 -28 -8 87 -42 54 -25 21 21 28 -57 36 -20 29 -31 -95 74 71 89 -5 -94 -69 60 89 43 69 -43 16 36 62 41 -2 31 18 20 -37 -69 -57 38 -90 -99 -10 -64 -83 -99 98 25 40 50 78 -32 73 74 -26 -36 14 86 -99 84 4 -88 -47 -75 5 -95 -33 -57 7 58 -97
-2 74 47 34 1 79 53 -95 43 91 -82 91 -13 -49 -74 -59 -3 94 -82 -16 -76 44 -90 46 98 -34 -95 17 49 42 -51 30 3 -41 -56 49 70 72 -24 -39 -91 68 -95 -95 47 80 -70 25 -68 82 -84 -40 22 83 -26 33 -73 10 -38 -32 -8 -2 -5 -68 -34 16 -71 -84 36 26 -62 48 -99 42 77 88 -97 -17 -26 -74 -54 -28 -50 -7 -27 70 -75 34 19 25 13 66 -16 -41 72 33 61 95 99 71 -45 2 59 24 -19 54 77 33 -16 -74 -83 -23 -59 34 -64 -64 54 -69 23 20 -66 -4 -45 88 32 55 -87 -88
58 98 84 97 93 2 85 94 -45 78 -88 88 45 38 -30 -93 -90 79 30 -30 92 8 -41 100 -23 -8 59 87 18 2 -78 -93 -75 78 74 -14 21 22 16 -91 81 39 -21 -89 82 74 -58 71 -47 -10 68 72 -8 -71 -85 60 21 5 22 -16 41 -98 33 -42 64 -9 81 38 -31 -37 -11 -67 -83 68 -47 94 92 42 -78 -85 -55 95 70 -48 -91 -46 59 -58 -12 36 78 6 3 87 27 -98 3 96 66 16 24 -16 -6 48 36 20 -84 21 87 68 25 -92 56 -6 -22 28 72 -57 -99 85 -16 35 -46 -24 39 5 99 28
-58 2 -95 -53 -26 -95 61 14 -32 36 -54 -9 -47 -87 -23 -95 -86 34 60 51 56 -4 95 -3 72 85 85 59 12 -27 66 63 -56 -27 12 -20 12 76 79 -19 17 -48 -58 -20 -41 -53 -43 -27 27 30 -58 -11 -95 -70 86 -92 -96 44 60 -55 41 -34 39 29 -23 74 8 83 81 67 76 48 -95 -31 -86 56 -77 -37 84 61 44 48 -79 -48 -88 14 17 -61 4 31 -61 98 92 65 -70 -65 6 -28 44 2 75 36 -53 68 89 -43 -88 48 19 48 -45 -77 82 21 96 -28 36 -54 79 -56 95 -40 9 39 12 -58 24 -72
-66 -11 -32 61 85 -68 31 -85 -98 25 13 59 39 -99 41 95 82 34 -33 29 -25 90 -89 -8 78 -65 -8 96 19 18 -18 82 0 1 -51 16 -99 -47 -69 -10 -29 -72 -55 34 -95 8 -83 -94 37 39 88 -68 98 -49 57 -99 64 83 -100 -15 31 43 -81 55 15 -15 -56 -40 -40 49 2 -23 64 -65 -16 -27 33 49 -39 -37 51 40 -48 44 6 -87 59 29 54 39 -51 58 59 -52 -93 -23 58 23 22 75 -59 79 67 59 -5 -63 74 1 -63 -23 84 64 63 -91 -55 65 -31 17 17 99 69 91 -89 -11 38 -61 -56 7
16 -50 -69 32 17 20 0 -26 -17 14 17 81 96 -65 -77 -31 7 72 -64 56 -10 -10 -14 88 -76 -38 -75 -81 -83 36 -30 -81 -21 58 -77 51 -48 25 -49 -77 56 42 -97 -23 62 21 85 33 40 20 -76 -82 -68 -69 32 -36 71 52 -44 46 -5 71 -73 -40 82 39 20 0 54 -77 26 -64 100 -39 -1 78 23 -88 28 66 -4 98 -66 -75 93 43 -73 68 62 -82 99 62 -99 -70 77 -64 -7 -8 -63 -50 -36 -19 5 73 -29 89 71 54 16 -71 6 61 -84 -78 -36 96 26 8 -91 -53 94 24 -59 46 42 52 -40 -29
64 71 52 -24 -84 -93 -71 91 50 75 -24 -20 -18 -43 56 -35 8 58 -23 24 16 24 78 43 -22 -85 -32 9 76 -39 21 92 -86 -17 24 12 30 -90 -80 -53 41 -78 94 99 84 17 38 -97 65 -57 -51 -39 3 87 46 22 -21 66 24 79 54 75 60 85 78 -59 71 -46 57 3 63 -35 31 48 7 33 60 80 -77 47 -67 67 -35 -62 -46 -84 47 -36 85 -39 13 -58 11 -62 -49 -11 95 66 80 17 -15 -38 -77 39 -6 -9 36 59 46 -62 -64 -64 34 -11 -39 -52 88 -56 83 -7 -58 39 66 -61 -6 -78 15 42
55 28 -13 -71 84 -71 -63 95 -51 -17 21 14 24 -75 -61 58 -79 21 -76 -25 -52 -58 -77 -34 40 74 -58 1 -48 -36 20 80 -14 -43 -9 -4 3 76 27 2 -43 -46 -45 69 -57 85 76 59 -90 -51 -65 67 -70 -98 -36 4 -71 18 92 40 73 -34 55 -17 -98 -9 28 -6 -78 99 84 -70 -17 -3 71 -61 77 -14 59 26 -64 7 65 71 48 -30 -78 77 -87 85 -43 -9 -34 36 41 -29 91 70 90 -69 -50 -13 90 -40 -1 84 -34 -46 31 -1 -93 1 75 -94 -80 5 -36 27 -8 40 -28 93 -59 -94 -97 -19 96 -45
59 -10 -4 49 -30 23 100 -58 -63 23 -6 -29 11 5 -58 -40 -90 -95 37 94 61 -81 46 -82 -59 47 5 92 -100 54 -53 -71 -78 -94 13 71 -57 37 67 8 96 77 92 -59 -70 -26 16 30 -48 -59 -71 40 -37 -59 84 39 -54 -20 -68 96 56 -57 -1 21 51 79 -75 -90 54 -81 -84 -72 -5 21 65 -74 -29 -20 11 -38 -98 -1 -17 -45 -87 -34 -61 18 78 39 35 -43 -62 24 46 -13 -42 76 -44 23 -94 -28 75 -79 82 58 -80 -39 -7 67 -27 55 -27 -61 2 -60 -6 28 27 -7 -76 24 -90 93 19 43 33 -39
47 20 -63 12 -18 -81 47 -84 81 -20 52 -25 1 -26 -97 -73 56 -26 0 -89 4 -49 -54 -89 -46 -27 54 33 -41 71 75 51 -2 95 -70 75 -74 -41 41 61 6 -15 67 -46 50 98 -4 -64 -68 -6 55 78 -22 37 -66 59 -63 5 -91 21 -52 89 -81 -17 16 87 97 -85 -93 73 46 78 12 -69 75 -43 8 -82 -71 54 -50 -64 -8 73 -36 -13 -34 51 36 2 -15 49 89 38 61 4 -81 -5 18 90 9 -18 -39 80 95 60 20 -18 -31 61 4 -13 -64 19 -59 -73 44 93 -95 61 -75 -51 5 -51 31 -90 -99 25
84 72 69 15 79 -47 -34 26 56 -53 62 81 -86 21 -70 -51 -37 7 -75 -95 9 61 -91 -91 -20 -78 -78 -64 61 96 -29 17 35 -70 32 18 32 55 -43 31 99 -73 8 -73 19 -72 72 85 -32 -53 -93 -24 84 99 77 -3 98 -74 -28 -4 36 -29 -11 64 88 92 -25 43 -4 66 14 -74 88 -50 2 31 17 -30 -70 -63 21 -65 89 -55 97 43 -47 90 -14 -17 -14 -71 -30 -50 -25 52 46 -17 -33 1 -90 27 -68 71 55 91 49 4 13 58 89 -25 40 -56 49 32 -92 -57 81 -49 87 67 -58 38 72 -30 21 23
-66 -7 50 -23 -28 54 3 6 -53 -81 5 77 -59 -55 -2 -40 -41 -99 -54 98 84 92 0 29 -42 93 -19 72 29 44 98 -33 1 -33 60 79 -59 -13 30 -32 41 -91 8 63 76 -1 16 -25 -51 10 -38 -76 11 -93 -98 -11 -96 -44 59 13 -55 49 -78 75 -47 -40 96 -55 84 -97 16 51 -10 99 -43 -24 -4 18 99 90 78 -75 -4 -55 82 64 -69 -98 58 21 53 -78 -75 -31 74 27 53 37 43 97 -30 71 84 8 -67 9 54 97 -7 99 -62 87 35 -16 10 17 -89 72 -66 76 -98 54 -71 28 -87 -4 -45 -51
58 -79 -61 -64 -71 -49 56 -81 50 -1 -24 85 -67 -40 -48 31 95 72 24 56 14 -87 65 -64 61 12 -59 66 -23 68 9 4 13 96 2 8 -60 66 81 99 -38 88 -83 -53 -29 -94 -77 95 -65 -44 -33 -92 -77 -81 34 -28 -79 88 93 68 45 61 -20 40 97 -47 92 98 -13 91 -94 50 -8 8 68 57 -96 52 90 27 -95 56 -37 87 -30 -95 11 -93 -85 -15 40 10 90 40 32 89 -93 -3 35 -14 52 21 13 80 66 -77 -56 12 -7 -17 80 79 -58 70 85 -59 -97 -54 -21 -53 53 68 61 97 -31 -51 -91 -90
12 90 -3 52 -32 -25 -17 -43 69 -7 -19 -42 13 86 -93 -30 -61 50 -55 93 -35 17 -69 53 96 -59 50 -97 -90 -47 -46 -7 -66 -46 -100 -75 -83 50 -65 25 51 -22 -46 -51 -27 -94 7 -83 -40 -72 -56 -93 12 65 -74 84 -6 91 -13 -32 42 37 -34 -1 -3 -76 97 -7 -23 28 -4 -49 79 -90 70 -32 73 -25 -74 -97 -89 92 -38 30 92 -54 -11 -25 -41 -28 38 31 -13 44 -78 61 19 -56 84 -50 -81 -63 25 -49 -56 3 94 -14 -86 74 60 -3 58 4 -90 -43 66 9 62 -20 2 -55 -84 -72 94 -26 -64 -72
52 21 81 3 63 50 -2 35 -82 12 -61 86 -36 -44 46 -72 -14 86 -80 67 81 -82 10 -51 -96 66 91 -72 -77 -75 77 -33 -27 -82 46 -78 -35 -54 30 -75 -46 49 96 22 64 -85 -2 -89 28 38 -8 100 97 -56 66 64 55 -81 43 -74 -12 91 29 6 -65 -84 -54 -53 -22 19 50 12 -57 46 -87 39 -8 1 1 -87 -75 16 94 84 54 91 -63 27 -76 -89 -26 83 -66 -4 9 32 48 4 82 -59 43 26 -68 -34 22 68 -65 -63 72 94 46 -23 -55 55 98 -86 -95 73 -41 92 0 5 -34 -84 -20 3 -71 -63
-73 -69 52 -9 -63 -98 71 -5 -79 72 83 -12 39 17 19 -5 51 -54 -15 -16 83 -43 91 -53 -37 -94 -13 42 2 44 14 -80 89 -89 -22 60 -22 13 3 -44 -20 -78 85 100 -56 -88 -54 -69 -84 -38 87 56 23 37 -31 57 -81 -95 -52 -35 71 22 59 -73 -16 -31 -25 96 -32 62 94 -89 -10 57 -37 32 -78 56 76 91 -3 30 -21 -2 -58 -38 16 37 78 -38 17 -80 37 52 -49 -46 99 -58 69 -19 -8 43 55 -57 -91 -7 -32 67 -1 -75 21 44 44 -41 32 -42 60 -73 -21 98 80 43 -32 -39 -35 -45 28 -12
90 -71 -31 -65 72 57 -74 8 12 93 -45 -83 -47 -78 -51 -2 71 -85 1 -8 70 98 -54 -78 -16 -90 -1 -97 25 5 97 13 -15 -6 90 -30 56 -46 -99 51 96 -21 23 100 27 -63 21 20 -25 -56 74 -56 67 91 -13 4 91 -39 -20 -85 23 -83 94 46 17 -90 18 -6 -23 55 4 -41 -68 -7 -5 -58 90 -25 80 -93 2 -49 -31 -29 -81 -88 60 31 23 -89 -31 -44 -8 99 2 44 -77 -32 36 -40 45 94 15 -21 -20 -90 -49 60 44 16 -11 -90 64 -80 76 -72 93 -66 -38 -80 60 -65 -33 72 24 -65 15 45
83 17 93 78 98 35 48 -30 -67 -98 14 63 92 -61 25 -96 -95 -6 55 -12 -80 -77 -69 -99 -89 56 -77 -71 -42 -59 -51 -32 -89 -27 20 57 100 -77 -22 -83 -75 -49 -22 -77 45 92 -89 12 -76 -2 80 -74 -66 -70 100 54 -48 -23 0 14 -84 -50 -89 57 -97 -36 9 18 90 -5 -81 89 -8 -94 -4 -2 84 -94 -87 77 35 15 -64 47 30 15 -9 87 100 -23 73 64 90 -38 9 -17 -77 -67 -75 43 -21 30 -55 46 -36 6 -92 84 -32 -29 -26 -20 -13 9 -35 -40 99 28 78 -20 -58 40 94 -34 -24 33 -84 -15
-50 87 83 -21 3 -41 76 -95 36 32 30 -59 -97 -54 -96 21 -64 -98 58 12 93 48 -20 63 -74 51 98 97 62 20 92 74 68 -5 63 91 16 -77 94 44 -42 -73 -19 57 44 -64 23 -70 58 -97 -97 -38 -45 54 -83 -49 -25 26 61 -94 -38 -21 36 72 -92 -56 -15 -35 43 -21 30 63 -100 57 -31 60 62 -92 44 -52 12 74 82 -88 -7 66 9 -68 -22 7 7 -30 8 4 12 -84 -56 -68 28 63 76 53 84 -6 -47 -80 -75 -11 -47 -42 17 -55 69 -37 13 85 98 -81 31 -1 -85 -7 -31 69 77 -76 3 2
32 -76 0 -78 -76 -52 4 -38 84 -85 86 6 -99 32 -83 -7 68 77 -52 50 19 -98 10 -65 43 -68 -6 -64 84 47 -64 -17 0 -49 -42 18 -88 5 -87 93 -62 -50 22 -36 -14 96 84 -15 40 6 19 4 93 31 85 46 -87 -41 0 48 -85 -53 -65 15 97 57 80 53 28 1 -14 70 -99 -95 -73 22 -53 -50 -91 -86 75 -2 -71 -98 9 -14 -3 -51 66 80 90 63 17 -78 46 53 82 -100 -15 -79 -79 -87 -26 -50 -3 -52 -50 -92 -6 -94 -22 -12 34 -11 -95 29 41 91 54 5 -49 -89 -99 -89 27 75 -10 3
-36 9 -96 -90 -45 -78 -14 20 47 94 -25 44 68 97 59 7 -76 71 88 33 -86 -54 -81 1 -91 70 23 -60 66 61 -11 -88 -1 74 98 -50 -100 67 -91 -98 70 18 56 98 -50 52 -62 -20 -91 20 -24 3 -67 -93 76 90 6 8 46 -100 70 88 22 25 -72 -99 -70 -82 89 -47 93 -76 -56 -79 98 11 28 -87 -85 4 -16 76 -72 -4 -47 20 -81 -30 -95 -98 75 -12 -23 -50 -60 68 75 17 -10 -5 4 -89 68 -84 -95 42 -5 61 -99 -96 -62 -21 82 -41 -95 15 6 -1 -88 -78 5 -9 87 -63 -34 -70 36 7
81 -90 57 66 -58 -2 -71 80 -94 13 8 -28 48 53 -5 -14 54 -46 63 40 -31 60 -13 95 12 -40 -66 -41 -61 -59 53 43 -96 -63 -76 -27 98 59 -39 92 20 85 0 89 -71 -48 -50 -97 76 29 -1 -97 96 1 -2 35 -22 -16 12 -67 60 -85 49 55 61 72 73 21 -78 28 -89 69 92 -22 -80 -12 -43 -12 37 86 -77 10 55 19 -17 -65 20 79 -28 13 -44 49 -60 57 -83 97 -88 -97 -16 -72 -84 93 -79 -27 49 4 -68 -57 -98 5 -5 78 84 15 50 -39 -1 73 -97 -19 18 -93 6 95 74 -72 -58 -49
14 91 -82 33 83 92 -100 73 55 23 4 43 -46 21 60 -6 -74 -83 86 93 -46 -53 75 0 68 30 14 -1 -76 -1 20 -81 -96 59 -70 -58 21 -24 -46 53 -90 56 -64 -45 34 2 2 -64 -81 80 -10 45 26 -97 -12 36 36 79 -100 26 63 36 -82 72 -52 -51 -59 40 80 -85 61 -28 -88 -48 46 -55 -43 80 18 68 99 -75 7 41 -68 25 27 12 78 -21 -38 7 -52 -51 -6 -56 30 23 60 36 -47 54 -2 77 -45 98 100 -61 40 18 66 -67 -20 -37 -49 80 -45 -83 57 -90 -84 19 33 40 -29 90 -44 85
92 -94 -49 -26 -70 -84 -82 57 91 -21 98 40 -36 -65 57 35 -67 66 -4 -40 17 -62 25 55 30 37 87 26 -65 -17 80 52 -69 99 59 82 -7 65 -21 -45 -74 -3 -95 95 91 69 98 48 -5 -10 -79 -36 -4 81 16 49 75 62 -100 62 -7 -64 72 59 44 -89 75 73 -35 4 15 -71 88 -73 -61 -91 12 0 -29 99 -62 -41 12 -22 -89 -98 -52 -42 -35 -3 -38 80 35 70 -20 76 -92 81 60 -96 -87 -60 68 62 -86 37 95 -86 -28 -82 87 86 -13 80 -2 79 -62 -91 -70 -57 11 -41 24 -62 -78 21 -33 -29
-62 5 15 -23 -10 -14 -37 15 24 41 -67 83 -77 -60 60 50 -11 22 56 -45 84 -15 62 -52 87 70 -88 -38 -25 81 -85 -88 67 58 -100 -11 -62 18 -66 -55 -89 -77 -86 91 39 83 -45 -5 28 -56 47 -8 -90 73 81 32 70 86 -9 -63 -90 -7 97 11 -5 -72 -94 42 37 -19 -96 63 6 -10 80 -61 74 77 -21 -35 92 70 20 -7 -87 -92 73 -45 -83 95 62 -54 24 -4 82 22 79 25 -24 -11 99 45 8 37 -27 -9 -19 19 -27 40 14 -38 -8 -95 -46 -36 -62 0 17 13 -5 46 -75 63 28 -85 -89 89
77 -74 -28 44 -79 14 -33 58 75 75 72 20 -61 -7 8 -80 -70 -74 -48 -62 59 62 -10 -81 59 -57 -8 91 -61 -90 -97 -60 -62 82 100 30 -14 -20 -74 -51 -31 8 -69 -94 -62 33 17 -75 -85 94 90 56 99 91 16 -55 85 81 -65 -46 13 68 -76 -61 48 -41 -24 86 4 33 -82 -78 -32 34 -45 -73 60 -56 93 92 31 31 -94 93 6 -97 -27 97 -54 -72 3 -58 -70 42 96 -21 -84 47 -48 18 -86 9 0 -10 -59 -15 83 82 -66 78 21 80 -48 53 -44 35 76 -86 -61 -45 -52 74 -27 -5 33 -47 -35 30
-74 -97 84 -98 -63 -92 23 24 72 49 -17 37 -11 60 -88 67 -86 39 0 -87 27 -31 -4 -38 4 7 -37 49 11 -68 -86 -63 -80 57 -52 -58 69 -58 64 65 61 -21 87 93 -40 -31 41 -23 -72 -45 51 79 -81 23 85 -52 65 -42 89 22 39 -93 31 67 45 -41 -82 -34 31 44 100 83 -19 -45 70 -1 55 -49 -69 -54 51 35 72 -72 -64 75 -100 -77 2 -13 -32 60 -41 59 16 5 46 -21 82 -13 69 25 -66 -16 -16 100 -14 19 -38 89 -98 44 100 -2 -82 86 -1 -50 50 -92 -65 -81 88 24 -79 -99 -50 -99
4 60 13 -2 2 -21 -23 76 54 40 52 49 -87 -82 54 51 21 -67 -64 32 48 -71 50 20 13 -64 -1 35 68 38 -88 70 -65 13 -10 33 -80 -57 67 -30 9 -83 74 -22 -6 5 -97 76 -93 17 8 -22 -39 28 -18 7 43 8 -12 58 69 -53 35 34 27 74 71 66 -65 -2 -51 -54 -36 56 -61 -90 -94 -44 83 31 67 90 43 -1 -70 -68 -10 33 -32 -15 -24 -50 -93 32 28 24 -65 98 8 -35 -26 30 7 -40 30 69 -57 28 -24 90 69 -49 -64 86 -71 8 84 -20 36 -90 4 -62 78 -54 -81 -91 -65 -77
-78 13 21 98 35 -66 33 -95 68 25 -25 -95 19 -42 -22 -30 53 -97 -74 -12 -38 -11 -100 -12 13 -63 14 4 77 -43 -45 69 52 -80 20 -20 81 72 57 -82 96 62 -51 78 46 -86 4 -64 68 -70 -90 67 38 -60 34 85 -68 -100 -35 -11 -77 -94 100 92 31 41 72 -16 -13 -23 23 -58 -54 44 91 56 31 -72 -94 91 17 23 71 48 92 -91 56 70 63 72 82 -77 -38 87 -89 23 -96 -81 -77 91 -54 -87 -81 -64 -35 83 65 -10 -84 61 -48 -13 38 -72 53 -12 36 49 -86 -98 -12 -36 42 68 94 -83 29 32
-8 74 -30 88 -91 80 -50 -70 -28 91 -38 -9 79 -20 -97 63 -67 -42 -42 24 -12 19 79 -85 -38 -51 57 70 95 58 -4 28 87 94 80 32 91 67 -35 -59 63 3 -68 90 35 -71 56 63 -6 -83 -14 55 -6 67 -3 -52 -64 87 -66 -50 -36 -9 -69 -91 92 -8 57 -55 -89 -38 -65 -72 63 31 66 57 8 -51 -73 -92 63 79 -69 65 2 -38 -4 -68 39 21 -20 -54 -98 80 42 55 -83 5 -28 -29 2 -88 81 4 35 -16 -74 68 -65 -59 3 25 52 5 -72 -94 87 -24 34 -74 -96 -86 -37 1 -51 49 -16 76
21 43 -77 -23 50 -79 47 95 34 26 -64 19 -69 -5 -84 -92 -90 26 46 -73 -80 -88 98 0 58 36 -84 -97 71 -61 81 9 2 -11 63 9 96 -89 -71 45 -91 88 5 93 -3 -53 94 -51 46 -33 -64 46 -99 -11 64 -33 -63 -3 -1 83 95 94 -18 -33 38 50 66 -8 85 33 -45 -14 -39 -66 19 -29 -16 10 42 -93 -15 -83 -73 84 -77 -28 -11 -27 -18 42 4 45 96 6 -12 36 -15 -43 48 88 66 10 6 -64 46 75 -33 -92 2 33 90 29 96 63 -31 -58 -2 -46 73 -72 -45 -16 -85 67 36 14 1 18
-86 16 -57 94 36 -39 -6 69 -69 -76 -70 40 82 26 -29 22 -48 -48 29 29 -64 -13 51 -7 -73 -5 -83 -66 44 41 -52 33 -92 5 -86 100 45 43 93 15 98 18 -89 -50 87 -75 72 80 -47 33 -62 -60 62 -38 52 -90 -94 41 51 -64 -44 -8 47 -39 -100 -70 34 -12 -62 -35 10 25 -1 75 -86 91 73 16 -85 -53 -10 19 86 -15 -7 -57 95 -8 -84 -32 -79 -99 -98 -2 -91 -53 -33 20 -4 -11 -40 -58 -84 -20 -37 -94 88 42 -98 -2 100 50 -38 -85 -34 -34 61 -50 45 -47 -73 48 59 95 -59 -91 -81 -62
74 -22 92 87 -1 -98 22 53 -52 -15 95 35 -100 -94 92 61 -52 99 -28 8 -13 -17 15 -2 37 -47 -76 -50 -56 37 36 89 65 84 29 64 90 -57 4 10 -53 52 -42 -92 -30 80 63 -75 17 40 43 34 3 -88 14 -50 98 9 -32 70 -66 -49 64 2 -98 -59 1 16 -45 37 81 -19 42 -21 -67 -64 -48 -21 -21 -69 -98 78 -42 95 29 4 53 43 -3 69 -61 59 74 -77 -35 32 -31 82 10 97 15 -10 -60 60 -89 91 50 81 37 59 -60 32 -86 45 83 -52 92 -97 92 -51 -7 60 40 22 96 17 27 27
-2 10 34 -76 26 46 -83 -31 -18 -87 89 -83 23 81 -29 21 -89 -55 -36 88 4 68 46 69 84 -34 -63 96 -7 38 69 -73 73 -93 50 34 -16 -57 21 -30 37 -2 15 -2 32 90 58 -52 -87 77 -22 17 83 44 35 62 48 71 20 49 -46 -78 -85 13 69 -17 -95 -18 74 24 7 18 66 -20 67 65 66 27 37 -3 -28 8 21 -17 -74 6 88 33 -85 38 -97 -85 -50 -17 -97 1 -56 71 34 -100 63 -15 -89 -25 -25 90 82 -81 23 0 -62 6 88 0 60 -48 38 -72 88 -34 -94 56 -4 93 -32 7 52 -8
83 82 31 97 -45 91 21 71 -61 -84 85 -64 -48 7 -28 36 -23 89 -79 37 98 27 -18 13 2 20 96 75 -99 -10 71 67 86 -98 73 -91 90 25 -96 8 7 25 -85 29 -29 97 -34 -1 88 2 -54 -23 86 32 30 19 -19 -24 58 47 81 -59 29 -67 17 -52 -16 11 84 -2 85 -75 -44 12 -82 67 24 -6 60 -74 69 -60 79 68 60 -77 -98 -83 98 3 97 -71 64 -81 69 27 92 -40 -37 -38 37 -94 -28 6 -2 22 72 -62 92 -32 38 91 90 -2 11 -65 -27 -88 39 -45 9 -50 -51 62 72 -68 -32 53
21 58 -52 14 -22 -65 33 -65 -67 -91 -32 73 55 -50 -76 -20 1 45 -17 -31 -46 74 44 -13 -41 32 76 -52 73 76 -44 -14 2 37 42 -38 -35 16 25 16 -45 54 54 -2 5 100 19 -83 -42 41 26 -5 26 24 -57 0 6 56 -75 48 -80 -70 -25 -85 -36 -79 -23 48 28 -67 67 -80 -94 18 -94 -38 3 30 -12 -64 87 23 57 10 80 56 83 -95 -98 -82 39 15 -62 7 0 -53 60 -36 42 -87 -23 84 -32 -96 -17 63 -30 -1 94 70 3 98 -1 -78 27 -46 -99 -84 82 -30 26 -62 10 -11 -43 35 -5 -55
2 95 48 8 42 77 8 68 89 -89 -61 40 -34 -11 -72 67 -38 43 -87 -55 43 44 32 -99 -43 45 91 -64 1 -86 -64 -71 67 22 -49 35 -23 -5 -43 61 41 -40 -11 83 63 -37 -37 -66 -85 -15 -32 -51 -54 45 -45 -16 -86 18 52 41 22 -100 70 -73 -76 -19 -78 58 6 -99 -41 45 23 -58 61 9 -58 -8 -69 85 -62 22 10 -83 -82 25 97 59 26 -29 88 -54 88 57 27 65 -59 -60 66 58 25 -7 55 -97 95 39 -7 45 92 -27 15 -76 -33 -76 -26 -41 -47 -26 86 -35 67 94 -22 44 18 -58 -7 -83
-85 42 -5 -71 44 9 -43 -100 -59 44 -92 84 -16 15 -49 49 -39 35 -96 -30 6 -4 -70 19 35 38 94 15 69 -40 -86 -93 73 -91 48 -61 94 88 84 -12 81 -25 41 44 -7 9 67 67 -77 -5 2 -88 -84 -11 74 -49 -18 -48 55 24 72 -55 -31 -51 -92 -3 -42 30 -33 70 29 -29 -82 -63 22 93 -49 52 -33 70 -37 -80 -85 -56 -17 -22 93 90 96 -24 39 -46 16 18 78 -56 79 -14 -20 -34 25 60 91 -89 55 36 16 -95 -34 -95 78 -39 19 22 93 -5 -12 96 51 -3 25 -28 -60 -97 87 68 68 -66
-57 38 53 -51 37 28 49 -10 33 -63 99 -15 75 -75 33 18 22 86 -28 -5 67 14 -98 -49 62 -86 -26 -79 -47 -96 89 94 -41 96 26 61 87 70 -7 19 -48 85 92 27 -42 24 -85 -78 -86 -2 30 -47 35 28 -61 85 -28 -71 -60 4 100 48 78 -24 -78 30 -75 -32 -85 -92 -4 -6 -83 -41 48 -64 -97 90 -58 28 -82 -83 77 89 -38 -16 99 -38 78 -20 -74 -71 18 -26 71 17 59 44 81 85 -74 59 44 -89 -55 -10 -21 90 13 59 10 84 50 -100 -2 4 -6 61 -92 25 -21 6 69 -47 39 10 -32 73
-33 -82 87 -39 27 26 8 24 -82 -76 48 56 69 35 79 5 89 -19 -44 -84 27 4 94 65 -56 -90 -42 -52 18 74 -49 23 14 -82 31 -50 -69 -37 81 -49 -6 30 -11 -42 37 51 13 100 -2 89 32 -64 30 6 26 -32 -70 -3 100 -6 77 74 -59 20 -27 -64 -37 -98 -92 -16 40 38 53 -33 4 93 36 98 74 -67 -15 32 -79 -6 20 36 28 93 69 58 21 18 -18 -55 -81 -23 -82 98 12 -76 -20 -87 -14 -34 8 97 86 -8 -56 -16 52 59 26 -85 81 22 88 26 -79 -93 -6 -89 27 87 -11 -46 89 -77
-34 9 -41 -23 -29 93 -85 13 -39 43 4 -58 63 64 64 -20 29 20 -78 -24 66 96 31 76 24 -8 11 -53 -79 33 87 0 71 58 60 -67 6 42 -54 -41 1 -94 -59 -52 24 -1 -14 -16 51 -71 60 -81 56 38 37 -12 -14 -15 -86 17 -89 -24 50 -98 62 -38 -91 81 56 -38 -7 53 67 -72 -28 -50 -45 -21 -54 3 -33 99 4 -49 1 53 73 -52 -98 -87 30 25 -16 89 -67 -17 -62 -26 -29 72 -58 94 99 14 46 2 -2 90 88 -7 63 -57 -10 86 -92 -18 -87 -80 85 8 -84 81 -38 -97 94 74 67 -5
16 -73 -64 -70 -16 -81 9 96 -69 36 -71 23 21 -52 34 54 31 24 -37 -39 -59 43 24 53 76 54 36 -74 11 -20 -26 90 -91 -65 -43 -96 92 26 -2 -3 30 -36 -81 91 31 35 -25 -49 -76 -52 44 -41 96 -83 -95 -68 -45 -99 -47 -98 57 -3 39 64 -14 -54 -94 -30 -79 7 -54 17 12 13 46 -71 31 -51 -87 90 90 -31 4 96 27 73 -93 49 -54 85 -98 16 92 96 12 60 50 -59 -98 -20 72 21 67 70 17 11 47 -58 -14 -40 -82 82 52 100 21 -89 44 47 -77 -9 -20 -11 -86 -86 -51 -76 -17 -94
88 -17 84 75 -71 -5 82 -62 14 -49 100 10 -30 32 -100 74 7 -74 -6 5 -11 24 -39 17 -92 -79 73 56 -77 -49 -10 -79 60 -83 20 -71 -25 86 51 -9 -3 9 58 61 82 -12 44 -34 42 -58 -13 -94 -37 -93 0 -10 -63 -64 -29 91 -96 61 86 -44 -56 -78 -9 60 -77 -18 47 -67 50 -4 -69 83 0 -68 99 87 -1 -86 -77 6 99 61 89 -35 -98 -66 21 -90 -36 -4 52 93 29 -89 -96 -24 -73 63 82 25 45 80 21 -8 -2 -80 -83 -92 -4 -88 -64 -66 -19 83 96 20 0 -10 6 -64 -6 51 -37 -7
52 -19 65 -15 27 5 84 -67 -2 -57 -99 -53 6 73 48 29 -10 -17 -43 -14 -75 39 -85 -61 -32 -51 100 58 -10 18 -1 91 -5 -90 -6 44 43 38 -75 47 77 1 53 -82 -80 -51 -28 -16 -2 78 -31 7 99 -53 -82 -46 -83 59 -88 25 -12 -20 -87 46 -72 -88 -94 61 -70 47 100 33 53 58 -54 96 -36 -33 -7 -73 -35 22 94 -90 94 -95 51 -79 7 58 7 89 52 -47 -58 35 99 37 23 57 -23 -62 45 48 8 21 -27 -36 100 68 -28 -52 79 -52 -55 69 -47 76 -11 -37 -22 -83 52 95 -94 -16 -24 -98
75 15 -55 -44 48 38 -77 -2 87 69 34 14 89 36 -73 45 -66 -36 20 -71 41 -88 -61 -56 -67 23 32 18 30 89 -36 -44 -62 -36 77 53 88 -51 49 46 -96 57 -36 -95 5 70 61 -54 -39 84 -57 -100 -31 48 90 16 -37 16 -92 -39 -19 53 -13 14 -72 -66 91 -98 69 64 -37 -28 1 -17 22 90 -7 1 58 -16 80 -4 -32 81 -30 18 -85 -8 32 82 -80 -12 -7 70 -33 -98 -71 -86 53 86 -12 -88 -41 -15 -55 -97 21 70 82 -40 20 14 27 96 -85 29 -82 52 -75 -11 -98 84 -51 22 6 39 35 0
20 74 -9 3 -82 -25 62 -20 90 90 -89 -81 44 -100 57 -9 -82 -42 -27 2 8 95 66 -92 -83 -44 -77 -23 -47 -94 -60 42 59 71 -86 -67 -96 -64 55 49 -26 45 14 48 -93 -38 -73 -13 69 60 -59 27 74 95 -25 -29 30 -63 78 -39 99 63 -83 -43 -69 -3 86 -65 -87 -10 -46 37 -14 -36 -97 15 -81 93 -78 67 56 -43 -74 33 -38 -67 82 -97 84 59 59 -96 21 -19 4 -26 41 -19 -57 2 32 0 -63 -42 58 50 -59 -2 -50 -83 12 7 43 -86 89 26 -36 7 -45 -31 -58 84 89 59 53 -83 -2 -38
49 37 68 62 -84 -99 -80 52 27 75 58 -92 -37 58 28 71 -58 -30 35 -80 77 56 -88 59 68 95 -35 -65 -37 52 77 33 73 -35 3 34 92 -38 -18 89 41 -10 -13 -47 -81 100 -91 28 33 73 66 18 -65 48 67 17 -47 -70 -73 96 97 80 60 -17 -78 -100 -68 -69 96 84 46 -64 7 -7 -53 58 -58 11 -14 27 29 48 74 -70 -15 -90 30 34 1 75 -43 -10 -43 61 -77 -5 -5 -82 -10 13 84 -36 -2 -34 -98 37 -24 -75 -73 16 -80 -81 -2 27 82 -36 -97 -88 62 77 53 -10 -56 56 47 -91 -35 -19
19 77 40 -11 76 99 74 -89 -70 -4 -88 -44 4 -94 99 31 -75 -76 47 -55 74 92 76 -27 -32 -87 86 50 -50 -59 17 -17 44 -77 92 72 50 40 79 -21 -84 74 31 14 45 17 65 -21 -64 -44 99 -100 -91 -61 90 -50 58 86 -49 42 70 62 -90 18 83 40 -30 81 99 -99 67 10 -27 72 -78 37 29 40 16 -46 -44 22 40 -19 30 -68 -76 13 -40 43 -12 58 14 19 -9 -26 6 50 41 -4 23 -83 66 85 0 98 29 -91 53 99 -63 33 36 -73 89 45 80 -87 -41 -17 -26 -44 80 -30 32 90 82 -38
86 59 -25 -40 -20 47 56 -14 38 -71 26 -25 -9 60 -6 -46 -87 60 78 83 5 -79 -66 -16 35 16 -49 35 100 26 99 -93 -19 -35 -24 -66 -15 30 -3 -91 76 30 56 3 5 -90 -32 -57 35 -90 94 100 -23 76 -3 -28 -51 69 33 87 58 51 -88 -2 -10 1 42 -4 61 97 -97 21 -95 4 11 2 -90 -30 -52 -23 18 56 -20 39 -34 -97 9 -77 71 -91 -39 -23 -4 -100 66 -15 -68 -61 93 100 29 -81 -30 65 26 -82 66 91 -20 -36 73 -85 -26 -25 77 -37 -37 -73 96 68 31 16 -55 67 89 -83 -63 -74
100 -61 -61 75 -32 25 -46 28 -2 60 61 6 12 -60 -88 66 72 -65 19 84 56 89 48 -26 -79 -64 -34 -35 85 -4 -48 -15 44 52 -97 81 -94 44 -4 45 50 -53 -66 79 38 37 -86 8 -44 -96 -19 34 -51 37 -24 85 -80 -72 40 -76 37 -24 51 76 20 -39 87 -90 -30 23 98 -40 -69 -1 8 39 83 -94 90 65 16 -62 -26 3 -57 56 9 98 -25 47 -75 74 97 87 2 -37 80 -4 94 -57 -12 -19 52 -63 19 41 -83 92 -22 -22 -45 29 -100 -2 -12 -87 -45 47 46 6 -68 81 82 -83 -58 40 -37 7
12 -31 -1 -51 -67 -90 16 -84 71 72 -6 25 24 -18 -83 -72 87 26 -11 45 -12 -40 -41 -23 -88 -61 73 73 70 -25 -97 -39 -64 87 -27 -59 23 39 -59 -73 33 72 -97 -20 96 -85 -84 53 100 76 -33 -83 64 77 47 91 -53 94 32 57 -73 52 57 19 -54 93 -52 77 74 -67 49 47 91 73 -79 65 10 63 -86 24 -27 82 29 19 -11 -60 -68 -78 55 61 -34 -65 -99 96 45 -89 1 69 -59 17 90 58 -48 7 -24 64 75 22 -66 63 33 -81 -25 89 -59 -19 -19 -64 -81 -21 -29 -56 -88 6 -45 91 39 55
67 90 21 -77 -81 -21 42 59 -76 -43 -86 -58 46 31 -57 43 -30 -76 -68 9 -56 -76 -10 -20 -71 19 -51 -55 -90 -77 -29 -55 -91 -82 -68 -86 -48 22 -94 78 76 2 -41 32 47 -76 -93 -55 37 -76 -67 -38 -12 -78 57 -3 90 -29 54 -5 -13 -21 3 8 -62 -43 -32 -31 65 -23 11 -76 -71 43 -29 30 -79 -36 65 -99 -64 -91 74 77 7 35 69 35 21 -16 6 4 -12 -19 37 96 97 52 83 80 23 59 23 58 54 38 92 69 -51 -98 -28 27 32 10 30 -50 100 36 -42 67 26 80 -46 -80 -66 89 83 31
8 -65 71 54 -74 -94 -10 -13 36 15 24 -3 -34 -58 -7 52 52 -60 16 -35 43 -3 45 -80 -72 100 15 -68 -45 40 68 9 -39 -67 -21 -30 -89 50 -31 -10 89 93 65 -60 76 -96 -62 -55 -90 -78 34 -29 18 -24 88 9 95 -51 -63 57 18 -55 -93 38 -39 -89 -13 81 97 4 96 66 -94 -65 -9 -84 10 50 -47 -16 -27 68 -34 11 -18 -59 -14 -78 -79 82 7 -19 -79 -68 13 45 15 79 -82 -38 -16 37 -80 -53 -32 69 -12 -94 -60 -55 59 77 -25 -8 -78 98 93 -43 -68 53 -40 39 7 -42 -75 39 61 14
77 32 16 -78 -95 -33 -24 -39 93 46 36 -33 -64 -15 -62 -65 -12 -99 34 46 -19 14 10 88 99 35 23 -63 40 -45 2 -11 40 64 -38 52 -79 26 14 -62 45 53 -57 -7 84 -43 -21 97 38 -91 -99 -52 76 -91 53 -63 -9 -5 -96 -32 -39 24 -68 -82 -20 -97 -52 -73 -29 -38 73 -33 -11 -22 25 -58 38 66 -38 -4 -27 15 87 -96 -25 -18 -62 -74 -61 47 -32 28 61 77 2 -46 49 -73 -5 -35 72 -4 8 13 -5 -80 42 92 40 -4 -2 86 -19 -70 63 -1 75 88 -55 23 20 55 -39 -77 14 -68 -19 -5
9 1 -76 27 -38 31 71 -31 -8 -45 -22 -42 -25 37 -80 13 -48 -48 5 -70 36 37 -47 -77 66 8 68 26 93 -60 74 89 36 -18 -21 68 8 -96 -67 -29 -26 -54 80 65 87 46 -80 37 -94 88 41 89 -87 74 95 -8 95 57 -38 64 100 -26 -17 74 -44 73 93 43 -54 98 -36 -45 54 5 -68 -44 -69 73 41 -99 50 32 -59 84 -74 6 57 40 -8 4 -76 -40 -47 75 27 82 -61 17 11 62 87 91 -45 68 -30 8 -4 61 -1 25 -86 -40 99 -10 69 -77 86 -13 32 -38 38 41 -6 -69 -73 -53 97 80
40 -49 63 -11 -45 -30 -98 -78 41 -44 -10 12 -33 -13 -52 -55 45 -45 -27 43 61 -49 -78 22 88 -68 -23 19 -68 100 78 72 -9 -95 -21 -99 -1 86 26 -84 -34 -8 -75 10 15 -7 -31 -9 -25 33 35 -16 -89 90 -10 -15 3 61 -93 86 54 42 -91 -60 47 -47 -36 -16 -68 -46 52 -18 87 56 -16 40 -19 40 -91 -94 -65 13 -38 -81 56 -17 -44 -94 -70 -95 -49 55 -60 -73 -97 -50 77 11 16 93 -67 19 -61 0 89 2 57 -63 -19 -41 -51 95 49 2 -64 35 96 -11 -41 -41 30 -13 -30 2 36 47 -97 89
-100 89 100 -50 97 54 54 63 -46 -35 -76 -99 63 -62 -100 -70 85 91 8 -46 90 64 -52 -73 60 53 -79 95 70 -26 -98 69 91 -8 -39 4 -74 21 -6 -24 -30 -36 91 66 -83 86 52 -26 77 83 -61 24 80 52 -56 -69 1 -86 -77 -16 -10 -42 -95 -29 8 69 4 -74 93 -22 74 24 -16 -27 64 -91 47 50 55 52 -13 73 -95 32 59 11 -67 22 -60 -65 -39 45 -50 -34 45 -54 95 12 9 -30 22 33 43 -22 -97 31 92 -75 -32 93 64 -27 25 65 34 -6 2 1 23 5 -2 -33 41 66 -53 -19 -57 -45
20 -91 -99 -29 -49 -50 66 -44 58 1 -54 -65 77 2 -75 -96 15 54 3 -20 -68 -93 43 -64 -90 -58 5 -7 -95 -58 -69 -26 70 -58 -26 0 25 10 -49 -71 -3 -9 -50 56 -42 68 16 -12 15 -54 88 -11 53 -71 -3 47 57 -94 -18 -82 12 -59 -93 34 -10 -63 -43 68 44 -90 23 89 -50 7 68 -87 -49 95 -65 21 -17 -60 54 83 -89 -94 -35 -67 -58 -94 -99 -80 -95 64 53 -78 77 -32 -61 79 62 -71 54 45 -70 74 32 -87 -46 74 41 -31 92 -56 -95 -42 30 -97 54 -9 -74 -67 49 -42 -88 86 0 -71
-76 1 -63 34 38 -75 37 96 88 -7 -68 -49 91 -99 39 -55 99 60 78 -19 -21 38 -1 98 1 -97 72 7 -70 18 41 46 10 -2 -83 81 -68 -2 13 -66 -86 -44 42 -18 16 -52 27 28 -34 99 86 61 97 -34 18 -52 23 -99 42 53 -35 95 -3 7 -57 70 65 24 56 -8 -50 6 -99 11 -95 33 85 79 -24 -65 -77 -36 14 -19 66 13 -90 42 -7 63 -39 -67 -83 26 -72 -7 -47 69 -95 71 69 56 69 -82 43 -32 72 73 -46 -84 78 -55 -14 76 72 -23 -65 -50 11 -90 -14 -83 -81 26 22 84 -99 -27
35 45 75 40 29 46 18 -97 -12 -31 74 -76 53 -30 -73 70 -77 40 -22 -37 -3 34 -10 12 -70 -30 -98 -8 -74 50 3 -93 -62 -53 -60 12 91 -17 -97 -76 51 99 65 34 87 -5 -34 76 79 -20 15 11 -95 79 -93 57 37 -52 51 -36 35 10 1 -13 13 -34 71 34 54 -37 -39 36 62 42 99 83 2 16 -28 -45 31 -90 -82 82 55 -4 -91 -3 82 78 -35 -10 90 -4 64 -62 100 -56 -43 72 -39 -93 90 -3 73 4 66 56 -5 -4 -7 54 -83 -42 27 -1 0 -29 -13 60 -69 30 71 -78 7 82 -79 -36
73 16 -18 14 -51 -26 22 -76 -87 68 74 -41 -23 -46 -56 33 -3 44 74 79 -68 98 -26 31 -70 -95 17 -41 -32 -76 80 -56 31 -85 43 -74 -56 10 -47 8 -5 11 82 -20 81 -63 40 -99 72 3 35 12 1 56 -2 -8 -80 73 -59 33 -50 -38 87 84 -57 -77 19 -46 13 62 20 65 -35 -36 -19 -91 24 33 88 82 -50 -39 25 -15 89 45 -16 -98 -69 53 -24 57 -87 53 45 2 -60 69 95 74 -40 -71 25 -46 14 -73 -67 1 -80 46 26 -66 -33 -39 42 66 35 -32 6 34 -98 64 4 9 41 -25 -26 93
53 -22 -72 99 -23 -27 13 35 28 -72 -52 95 -59 11 -88 -71 -49 38 -41 27 -92 58 87 59 67 2 71 78 19 -36 32 -91 10 -27 75 -70 -59 -29 99 73 -6 42 -83 -25 25 -34 -33 67 39 -58 -23 26 -68 -39 55 -22 -19 81 37 51 -23 -87 -31 18 76 28 53 66 -35 25 -55 3 56 47 -99 -7 39 -33 55 -47 -52 -84 -84 -66 56 74 37 -88 2 -78 93 -44 76 12 52 94 -54 -40 68 -56 -9 -87 89 -61 19 -62 57 -73 -9 -37 31 -81 90 -80 -40 -85 -20 -86 21 -66 22 91 -89 -46 -65 44 22 66
92 91 -17 -43 45 -95 -87 33 -96 98 25 -97 92 -93 -74 -7 -64 -95 55 49 30 -39 49 -50 43 82 58 76 -68 -73 -90 -83 -56 -66 -64 99 -66 10 84 -18 -46 95 -39 -44 62 -68 -10 -78 44 -57 -50 16 79 -67 72 39 9 -40 48 15 -75 -88 -96 -70 -55 -42 16 66 -8 87 14 -9 87 -39 18 49 99 -33 -24 49 -88 -6 -100 23 -78 -81 54 35 88 49 56 -30 50 24 61 -15 36 -24 -23 18 81 1 3 -20 -1 94 81 -62 82 5 84 27 -93 -62 5 -19 -99 -39 -81 -40 -1 62 72 -65 -54 -46 68 -98
-2 3 13 -24 38 29 5 49 -74 24 -54 90 38 23 -55 -3 29 49 6 -66 -25 85 -42 -87 -8 99 -90 38 56 7 63 48 51 -48 -23 77 -24 -84 57 -23 44 27 -37 41 51 -50 69 7 -78 -83 -64 -63 47 -18 78 2 80 78 71 -68 -55 95 95 -28 88 -14 53 76 32 -17 -42 -6 -81 -14 -96 22 22 92 -78 87 -46 29 10 -14 -66 -59 100 -75 -84 24 38 39 -98 -23 39 -88 -27 -82 73 -99 -39 83 -4 -20 26 -97 -90 20 84 -11 79 -33 -79 -14 -31 -8 -3 30 -82 14 -74 8 50 39 -32 -41 -40 -63
82 60 90 59 -6 3 -79 -66 87 65 67 91 57 -54 1 54 25 -14 85 17 6 -76 99 -93 87 -65 99 9 24 36 -71 -56 94 -75 -1 81 -74 -71 -25 75 88 52 36 -68 -35 -6 81 49 85 -56 -5 -59 72 -8 -71 95 -46 -22 -9 17 -75 80 85 -92 35 -23 7 34 75 -53 -33 4 -72 4 -55 92 -5 -88 -67 23 6 73 3 5 14 25 -78 97 -51 71 56 -40 91 94 -52 -23 -30 29 -46 71 69 -3 2 -80 -70 -68 -83 40 -95 97 -71 -63 99 -100 26 -26 -11 18 -33 100 82 42 -98 58 -64 99 -9 18
-54 96 81 31 -95 86 55 72 -13 80 51 80 92 80 -9 16 43 -48 -14 -24 -42 1 -67 42 -70 3 30 -10 -35 78 44 16 -18 93 51 99 47 -62 0 68 -28 -64 56 -85 96 98 25 -34 -91 71 58 -23 16 -78 -83 -53 78 -11 82 92 98 -25 -37 -79 -86 -13 24 -97 -37 -92 85 42 -5 -97 -61 72 -34 -91 17 55 23 -3 -36 -93 -36 -22 -50 -92 -14 43 -43 -12 62 -66 -53 -55 87 -4 -27 73 -61 -70 61 57 -97 1 -67 -49 69 68 -32 26 82 -12 -80 45 -70 -6 -53 -76 -74 -47 -31 93 28 -4 98 -93
95 39 56 39 -83 -70 -46 -33 39 34 79 -42 -50 36 85 74 -75 -99 31 38 48 59 -95 -19 -37 45 48 -60 98 38 35 35 -25 37 35 88 0 79 -100 -72 43 5 63 60 49 -43 17 67 -49 -90 -65 -15 -27 3 -37 -8 -21 16 4 -14 34 -26 -37 4 54 65 -52 64 -5 99 14 -48 -90 -24 97 6 52 77 -49 18 -18 87 -99 -33 65 -70 96 -25 -44 20 34 38 54 -5 -17 46 30 -55 31 -74 15 21 -81 -76 96 -16 53 -12 -88 3 -55 8 -16 22 -26 22 4 3 69 95 -92 13 81 -47 61 63 58 84
-74 -92 86 -51 -72 -6 -75 58 65 -3 43 -36 -94 37 -82 -43 33 -96 -34 -28 70 68 42 -61 60 -67 36 -21 -71 54 25 -63 78 83 -100 -26 56 -64 53 2 -95 -67 57 17 -56 -69 94 45 -68 44 -90 -95 62 -60 19 62 72 -56 5 -61 48 -44 62 -33 -27 52 -77 -83 -81 45 -87 9 -24 -80 42 -27 -65 -83 83 -14 82 47 -51 -98 73 -61 -52 -38 -73 -84 11 81 98 -93 2 -28 -49 50 -22 -81 41 -49 33 -66 16 12 34 70 -8 -33 30 -49 -9 40 83 16 -84 62 77 -81 59 -27 -47 -43 91 97 97 -64
-63 18 40 -52 -10 -73 29 -98 95 -56 -52 68 -100 -82 -2 -64 52 -51 -37 96 -4 18 -49 81 -73 71 15 -20 61 -99 29 25 41 97 51 59 86 -56 39 15 23 -46 3 20 22 39 7 -12 -48 21 -57 71 30 -86 70 -8 55 40 -78 -2 -8 85 -20 34 -5 -19 -5 87 -59 -24 -3 -90 3 39 9 86 63 48 -74 76 -56 0 -33 77 27 -18 -18 -15 -100 74 53 -55 11 40 -58 85 52 -79 17 9 65 -45 -41 -28 -67 70 99 -4 78 -16 13 10 -38 -49 -82 32 -94 -40 46 11 -7 64 -8 -70 20 81 83 -28
-80 -29 -12 -55 -93 -16 82 -10 -31 -44 -89 -28 -63 -74 100 20 -10 -58 19 69 -23 -75 21 -75 -89 -12 -58 -22 -18 -9 -41 -37 -37 87 -64 9 -37 -13 46 68 -80 55 28 88 35 -42 33 -30 79 -43 67 11 56 -24 -70 21 -89 -51 -21 16 62 13 -17 40 35 80 -91 14 -84 17 -64 -16 -90 37 48 88 49 -7 -32 38 11 85 -63 99 41 -39 -48 15 10 64 -38 -80 7 96 -66 3 -21 16 97 26 38 15 -33 5 79 -3 -73 52 -44 39 -99 29 26 -70 -71 -27 -60 64 -19 83 -89 -4 91 6 -14 -15 -74 10
-33 67 1 -34 40 13 60 -65 -61 16 -37 -88 90 -84 66 -45 -25 -96 -46 -100 -57 30 23 -59 -13 -53 -87 -36 75 -30 18 -20 92 6 60 65 -32 -6 69 37 -18 -22 20 20 51 31 -38 56 -49 -64 -9 50 -58 54 48 -15 -91 99 -14 56 -8 79 80 40 7 -34 -89 -37 -46 -7 58 -17 -72 29 19 -44 74 -8 60 66 -51 57 -28 25 -93 -97 95 71 -73 89 -23 -49 87 -85 -94 15 29 31 -79 70 15 61 28 72 39 88 69 3 29 78 -78 -59 -16 20 -65 38 -89 -90 22 -52 -1 -41 28 25 -29 -36 -15 -17
65 94 -51 -39 98 64 94 80 63 15 46 59 94 -43 9 31 59 -22 18 -58 2 -6 -93 -49 -31 -59 -37 88 11 -78 -97 72 18 -51 -29 36 -21 -55 -91 -23 50 21 33 0 57 60 -93 99 -15 10 -100 -91 -75 -55 -100 -73 1 92 -57 -13 59 -96 21 97 23 51 -54 18 20 27 -53 87 -3 -70 -1 -99 81 -8 23 -8 45 93 -97 -46 -100 -42 -73 25 57 -21 -25 43 42 77 -23 71 -60 -93 -58 -90 -46 -28 22 91 -38 93 -71 -100 -86 8 -79 -29 -90 -72 -66 -82 43 13 38 -76 25 25 73 -64 -5 -40 57 -58
98 -67 -96 -2 -54 -16 71 91 11 -54 15 -89 -47 -73 -87 73 15 20 81 94 38 -97 9 -73 -98 91 62 58 -47 -33 9 -6 84 -50 74 -98 84 70 -25 -80 27 35 82 -6 -48 -94 99 -60 -36 -6 55 -96 65 -75 0 90 23 -86 37 91 79 0 -95 94 -10 -64 60 82 -71 -59 44 -99 -35 64 72 -32 -18 53 52 88 7 -19 94 34 -32 -2 49 1 -63 -3 73 55 57 92 60 -13 -97 27 -39 -12 -83 -24 -66 57 -44 14 -19 77 46 99 -37 30 -47 33 -100 2 85 55 28 29 -56 -57 -19 -1 -78 -99 -14 47
48 -39 -65 68 5 19 33 -36 61 -90 39 -93 -62 -82 27 47 -62 4 41 -4 -84 70 42 -5 71 48 -83 -62 -45 61 19 70 -24 -9 19 16 -32 44 80 74 77 28 -58 -47 -46 96 84 13 46 77 -10 -54 51 -60 86 -86 97 -68 41 50 10 -38 -26 -77 14 20 -2 81 -49 56 45 62 -9 -45 -61 31 55 -55 -97 64 -32 -68 27 55 -61 20 -61 -24 43 34 21 -93 -96 8 64 42 -46 14 -70 14 68 49 58 41 89 -87 -42 -53 74 -20 -70 -81 -72 -22 -21 -25 -84 97 -76 -17 96 -56 -5 -24 55 -98 61 -24
-7 44 -86 79 45 14 -18 22 -99 -90 -1 13 -19 30 72 58 47 25 21 41 79 25 -97 31 -12 -7 -22 -46 -37 -6 -87 -13 -73 -10 -91 98 -76 -6 43 23 20 -41 -43 8 -4 13 -68 -62 -41 10 -85 -59 2 13 -69 49 28 91 -81 -39 -49 73 10 96 -3 89 7 -41 12 -11 -97 26 -57 -62 -89 2 -59 -49 -92 68 81 -29 -88 54 -80 -55 -38 -23 -18 12 11 -21 -49 12 90 -20 -25 -63 -48 -29 75 -84 -10 -9 -15 -96 58 13 63 42 -72 -71 -74 76 95 16 -54 -31 -8 7 2 -62 47 -56 -64 62 12 -81
-90 -60 -88 63 -9 13 75 -88 31 57 89 -70 85 -24 34 -50 80 92 -32 -38 -54 -73 70 64 6 38 27 88 10 -5 -33 -6 -79 12 99 39 47 95 93 -72 -62 -53 28 76 -76 -95 30 -74 6 -86 -84 -7 65 36 -59 -60 -93 -86 21 -74 -58 100 -58 -67 39 -77 34 84 86 61 29 83 -2 -53 -85 21 50 65 -35 92 -80 -57 88 -87 96 17 -41 83 98 82 72 -96 -47 23 34 8 96 -94 81 -90 -92 53 38 -67 33 -45 -62 54 95 38 76 42 -89 -96 -57 0 -92 81 25 25 -29 -86 -46 82 -48 67 16 -18
72 -98 2 -29 -79 58 23 10 -44 -39 13 93 -85 79 -27 -92 99 -70 58 39 -82 -42 0 73 -91 25 -14 77 25 -72 -53 -92 86 63 -12 -97 33 -32 63 -72 -26 64 20 54 -95 80 85 -23 59 77 -46 -1 14 -22 -49 39 -90 -93 84 57 -38 98 44 -26 35 96 -75 40 3 86 89 -56 45 -75 88 66 -44 -12 -60 -39 86 -93 12 -39 -70 4 56 25 67 25 67 -21 56 -100 -13 -1 94 73 -83 -45 45 79 12 -33 -22 90 -79 -64 66 81 -86 -76 -85 -88 1 98 68 11 -50 63 95 -57 25 81 -72 -10 91 -15
48 74 53 75 69 -12 97 18 -6 -55 -8 68 3 75 15 54 88 -14 86 99 -28 -80 -64 -9 -81 -77 -84 20 22 94 -85 -93 95 90 31 -77 -16 87 -8 -61 -73 -66 -37 24 18 -95 -80 79 -37 -47 65 52 54 81 29 -6 97 -44 32 70 -68 7 -70 -31 80 -28 27 35 48 -21 5 -48 79 17 -22 -57 -1 -62 70 -56 -4 -58 71 -28 -36 -3 59 -14 -99 51 -99 -48 -3 36 31 90 -8 31 15 99 61 -35 30 74 -75 -12 -7 7 90 43 5 -64 47 11 -87 -25 17 -88 26 47 51 -26 52 -64 -70 90 -100 61
-95 92 -61 -35 17 45 -78 -35 73 31 -43 -45 -51 -92 -45 49 -49 22 76 -89 63 45 100 -100 89 35 13 -27 -90 28 27 -64 -28 -15 -69 -97 6 -31 -73 51 58 -61 47 51 58 12 81 10 -63 -33 -42 41 15 60 72 60 11 -76 -20 92 -86 55 -38 85 64 -92 -13 97 -44 -46 -43 74 7 -25 -49 96 85 42 -42 -51 93 -55 -23 -37 18 11 56 1 -51 3 -84 36 -95 -42 44 81 63 19 79 4 37 34 -84 -95 -59 -18 0 99 96 -37 -77 -75 83 -17 -94 -6 76 -87 41 5 -99 37 -83 -45 67 10 -47 58
9 83 -69 -44 -95 65 81 6 -74 -53 -47 -12 15 -64 58 97 -82 -85 78 -5 -75 -19 94 39 -94 -10 12 -50 91 -97 -69 -99 88 -19 43 16 6 -14 -80 -68 86 17 27 -19 -64 91 29 -63 -30 -93 22 51 -44 -96 10 92 81 57 27 59 -88 -47 45 100 74 57 -48 73 -81 -75 -20 -99 46 -45 -19 -3 85 -65 -20 -80 40 27 -35 1 -11 -15 15 -44 91 -51 91 96 100 -65 98 36 24 -86 -40 6 -40 -49 4 -5 49 62 53 -77 27 35 69 29 75 78 -22 11 95 -87 -85 70 91 42 -9 -49 84 -18 -1 -63
19 70 -98 82 25 85 -88 23 -98 -72 -64 -68 -69 -72 56 -65 -62 66 -35 10 72 5 -97 -8 98 -50 -13 -78 49 -72 -28 77 -43 54 -32 5 96 -46 32 30 -10 57 18 47 83 93 -54 19 23 -70 -84 -39 -32 77 6 -57 20 -23 63 -90 69 -99 25 11 -5 -41 -31 31 -21 -100 -34 58 -81 -82 58 -44 38 -33 78 44 -78 -81 -2 -7 55 -19 -12 -11 -58 -8 40 60 90 -33 58 86 40 40 64 -91 -85 -66 -73 -48 32 70 -76 80 45 19 57 73 -55 9 -99 -20 50 -12 -98 72 52 -24 -70 46 -29 24 34 -22
94 -34 -76 93 21 -60 -88 26 -45 -88 -23 88 94 63 -48 46 84 -16 37 -34 -7 17 95 100 18 6 -53 20 -32 -52 -12 97 45 -80 -40 -12 -12 -60 -74 -36 11 -96 100 61 38 34 -65 0 31 -37 -22 48 -34 -88 53 76 27 91 -37 1 68 -16 96 25 -92 -52 -14 62 33 -8 64 -12 65 31 -20 -88 -53 -2 -38 -57 50 -31 -39 98 70 -15 -94 90 53 62 19 -91 -23 -9 -16 22 -77 -41 -57 -10 97 -52 33 61 36 -95 50 48 -76 32 -78 -28 89 -39 27 -52 48 -15 -14 -54 -2 -89 80 67 -41 -63 97 -32
89 -22 71 66 92 66 -69 -50 50 -59 58 86 -37 -70 18 47 -53 -96 17 16 -43 -62 16 51 63 -23 41 -70 -83 43 -91 -38 -39 42 -75 49 2 59 76 -65 45 -38 -86 20 62 -14 14 16 99 96 20 -20 95 23 -27 -53 -16 -19 -8 86 -66 -28 -7 -35 95 -47 52 73 30 6 78 -32 25 62 -36 40 -19 -1 -84 84 -49 -57 68 -87 -32 -93 -16 -100 -91 -82 -80 89 53 83 -72 -96 -66 80 -97 -8 -4 -93 -32 84 -37 -80 -74 -10 59 -46 -81 -68 -28 -14 79 59 -78 -74 81 -73 -71 -4 72 -46 -82 -88 71 15
-43 3 14 -6 -12 93 -22 58 -39 -35 74 91 68 -68 -6 99 47 -26 55 58 13 -85 -4 90 58 14 -47 100 61 -70 -39 39 65 20 16 44 59 73 -41 -83 53 -15 67 -97 -70 86 -79 -9 -96 -12 -72 26 -74 91 25 21 59 13 0 -68 35 -76 -3 70 29 93 -88 -6 -26 50 70 99 55 -11 36 -56 77 53 -12 -34 -20 22 54 89 -41 -20 -84 -87 -71 -47 74 96 -1 51 -60 55 -21 49 -3 -67 13 76 93 61 76 -76 -83 -48 56 28 -77 47 -67 1 -45 -48 36 8 33 -45 31 58 27 -49 -41 -76 83 -64
-54 31 26 -7 16 53 16 -61 73 37 32 2 0 82 88 97 19 60 -75 -65 -15 -80 -54 11 64 -3 -91 -70 51 -37 64 55 61 -1 37 0 83 -6 62 64 50 83 -78 74 -67 -70 -86 40 98 69 65 47 65 74 95 -42 -99 -71 27 -84 76 -17 -68 -11 -17 78 17 -23 -78 -71 -43 -93 -83 -9 33 67 -68 -50 -4 -65 -92 7 -19 -86 -66 -39 79 75 69 -15 45 89 89 42 59 58 10 -42 30 100 49 63 68 -95 -2 -21 44 64 -62 54 24 -100 -14 -9 -67 -38 78 -3 21 67 72 7 -47 13 34 -67 -96 67
5 -54 -18 100 34 -25 -32 -90 -22 -87 54 51 19 2 -21 79 25 -55 29 40 78 -56 -42 -42 -21 -63 70 -14 29 -70 30 -96 0 69 42 -87 2 84 74 -98 -86 -80 14 78 78 -24 -29 63 -100 -71 68 -100 -62 2 -100 26 50 55 99 19 -96 -23 -35 -11 29 14 -87 -8 -17 -51 -85 -52 88 54 9 79 16 -2 -72 -29 -66 -85 38 -72 62 -70 -70 -19 15 65 40 83 -13 -61 -80 -35 29 -59 -44 49 -94 29 64 12 -89 3 -6 -63 -54 -3 -68 -35 10 10 62 -81 69 37 -46 4 5 32 -53 1 -64 90 -51 54
-24 -76 -46 68 52 89 -89 14 81 58 -28 0 49 -72 14 21 -54 -69 -10 -94 73 6 -96 32 -66 -27 -68 -15 33 58 -33 46 82 57 -63 -48 -52 51 95 -60 -17 -80 32 42 85 -56 -13 -45 -93 -67 50 40 5 -20 -7 91 -76 94 31 31 -90 24 10 -51 32 -3 52 30 -79 -90 -27 3 -52 -31 29 87 -39 12 -59 96 75 -19 -63 -86 -13 92 9 81 -9 72 -98 -47 -52 -40 -46 92 83 -26 82 9 95 84 -44 49 -44 -31 -84 68 -66 -19 -21 2 -37 -23 -35 -51 -45 45 74 9 -31 1 -9 84 100 -76 78 59