0 33 17 -24 36 20 79 19 -7 38 -67 -53 80 -94 8 38 -12 37 59 15 -69 -54 42 80 94 -25 -65 7 -15 7 76 99 54 -64 77 54 54 54 27 59 52 56 33 79 -6 13 -25 -3 84 8 -2 -88 -49 -14 -46 21 31 -73 26 -50 22 -76 -80 -35 58 -83 -21 -96 -47 -85 19 79 -10 -71 -32 28 -35 -84 -40 -33 -30 57 -84 100 36 -27 -64 74 -44 -85 -90 31 18 59 -17 16 67 76 59 78 25 85 -72 -39 36 -96 22 33 -25 93 -87 63 71 82 46 73 12 -91 -49 28 87 63 -44 -61 -1 -42 -8 -41
-86 31 43 21 -97 -4 61 22 -62 -74 -5 -78 -31 -6 47 -14 77 -3 -90 -7 -8 29 7 -97 59 -57 52 86 -98 76 51 52 7 22 67 -72 59 100 -18 -82 -22 59 34 84 -41 25 70 59 -31 52 -25 -37 94 73 -3 87 -42 22 74 -15 -90 -34 98 -56 -33 54 -55 46 -53 -36 -4 12 17 -63 -83 76 -8 -49 80 87 85 12 -62 -41 11 26 14 -87 2 -63 -15 -94 33 -73 24 -19 -78 -95 96 24 12 36 68 -27 9 92 -14 94 -46 -24 -97 88 32 -23 77 7 45 96 93 -94 65 47 1 -46 -51 99 40 -56
55 -28 -93 -81 -73 39 4 47 -53 -99 -71 90 38 60 85 58 60 65 46 11 -27 -58 16 57 63 8 -6 16 94 -2 82 54 -16 -31 -39 54 -97 42 78 -46 76 12 17 -66 50 81 -78 1 73 -73 -80 31 -28 -36 -34 -40 -19 19 -50 -51 -16 -77 84 9 18 83 99 -92 28 -45 -96 63 -60 -4 -21 33 -28 64 -38 -8 -99 -67 91 12 -7 25 26 3 -46 -95 80 27 20 -8 89 96 39 -32 -54 88 72 93 -28 -16 97 68 -55 -5 -26 43 -66 -95 20 -13 11 -36 -15 39 -70 -8 -5 60 -26 20 -93 36 10 -80
52 1 85 -89 -69 -26 13 42 62 44 21 -56 76 -18 -57 -13 -92 12 -9 -13 -31 -1 69 44 -24 27 12 -51 -47 -57 52 19 -29 -21 66 80 -69 -14 37 -20 -80 -44 -76 90 52 -55 -95 73 77 66 47 -50 -40 60 -63 -84 60 -58 23 66 -3 57 -32 98 66 69 89 -34 -28 87 1 -81 -19 -84 70 -62 2 -85 42 61 -73 -76 -12 24 -57 70 38 -2 -24 20 -11 98 -2 16 -19 -71 52 8 -84 -23 -73 -42 -60 -31 79 26 100 -37 -45 60 14 37 76 -99 -27 52 94 -49 33 -66 -46 92 7 -60 71 49 -62 -95
35 -45 48 -46 94 21 -54 86 -68 -58 65 -85 -66 53 -86 47 -85 -75 98 -16 55 -67 -53 -80 -98 -9 93 -5 -27 -83 -62 28 -98 -8 -63 26 92 84 -10 -15 -53 87 63 -5 66 44 -92 -88 36 67 42 -47 58 32 17 31 37 -5 44 -37 41 -87 -17 -40 -37 71 66 -89 8 52 -2 98 70 -88 -84 63 -58 77 -83 -91 92 -92 -31 5 99 -18 -5 6 -37 -91 -56 83 -25 99 100 -80 44 13 63 75 2 85 -17 -19 96 13 -90 -92 30 -44 -35 90 -84 -24 65 73 -42 17 98 87 3 8 -78 23 76 2 -97 34
31 -36 73 -72 -54 1 21 -19 21 88 -29 -35 -66 -28 -40 48 96 11 -60 10 81 -95 13 97 -21 19 -39 23 -70 -37 11 -77 60 94 -19 84 -66 -64 73 -65 50 -48 -100 76 -90 61 -60 -52 -24 95 72 65 92 28 -54 -19 41 -40 -46 83 -51 -77 -99 -38 -41 -61 79 60 20 48 65 -62 47 4 61 -92 21 30 -39 -4 -57 23 97 11 -25 -94 -74 -13 -55 35 14 5 -49 74 39 -31 -54 13 -10 30 24 73 15 -49 45 -70 -95 24 -51 26 32 -40 -71 -63 -37 -74 98 -6 -45 -100 -13 -41 31 87 2 -54 29 -48
-38 51 34 32 -26 -68 9 57 -3 78 -38 -11 62 54 -92 -60 -15 -9 -79 19 79 99 9 -69 -20 -41 81 57 96 -42 35 -88 72 -92 53 14 15 -7 29 -27 -18 58 70 -58 -82 -57 -70 -3 98 83 -28 -94 -81 66 94 45 85 1 82 69 96 8 46 85 -98 -82 79 -55 -55 -34 27 11 63 15 55 14 31 -32 -89 16 57 25 -40 -56 -31 -86 -60 -50 89 84 -96 -57 -82 -86 -15 38 -66 82 55 -35 23 71 55 86 -14 -64 70 -13 79 -80 78 36 -27 -25 -82 7 -44 14 -35 -68 -63 -28 -72 57 -31 -82 79 23
49 -72 6 -14 15 34 39 -28 -61 14 -27 15 -33 23 59 17 43 -95 68 -90 58 -84 62 -64 -88 -8 51 82 31 18 69 -34 -86 7 59 -52 90 -47 8 20 -42 63 -35 -12 -63 100 -76 65 -31 -68 61 95 24 41 61 -95 66 60 -57 -22 -4 -31 77 -80 34 43 -86 -75 -29 0 -32 -89 -23 -25 66 -52 -68 -3 76 -98 27 89 74 -48 -48 -2 30 -40 93 -26 -39 37 57 -73 -83 -42 34 -66 -36 72 -64 -24 33 66 -64 41 56 -45 1 53 -16 -8 -20 -49 -43 4 -92 -18 21 39 67 -45 -99 -33 -62 -60 66 -78
8 4 65 31 60 -81 -3 -92 -62 -96 51 4 -33 13 -21 -96 51 -88 31 -72 5 -8 77 -24 19 26 10 38 -13 93 67 22 -90 100 -43 -11 -79 -37 -35 -28 50 -19 -58 -13 -66 -1 90 -53 -65 -88 -77 43 -80 -82 83 44 -34 60 42 72 -95 -100 4 78 -4 -59 -64 -26 -57 39 26 60 -42 -81 73 -87 49 -68 -68 31 71 5 77 27 76 75 65 -70 -9 58 -36 80 -62 -43 13 21 -85 -74 -27 11 -1 36 -18 54 75 -89 -24 -28 -87 -1 51 -6 -46 -10 84 -98 56 -23 -55 -23 -24 95 -80 -42 -92 22 43 41
55 -23 85 -71 55 5 -75 -22 94 59 -44 51 45 -30 -96 -27 -89 87 88 65 86 -23 -58 66 -25 -100 35 27 -94 -32 74 -22 -71 39 -48 8 73 18 63 -98 -9 -18 -79 99 -12 -29 -91 30 -92 57 28 -41 -51 -59 22 -55 52 -98 70 20 20 -22 -22 -21 27 34 -4 89 -44 72 -5 -95 85 86 66 -55 73 100 -75 15 26 -18 -66 6 -30 -15 1 27 -46 -89 -65 -74 -74 -18 39 -16 98 60 91 -83 -48 45 43 86 -63 71 6 -39 30 94 -3 97 -29 88 73 -17 30 53 96 10 48 59 48 81 -76 -43 -91 82
100 40 -58 -39 97 -96 21 17 -89 96 -39 -18 50 54 -59 -69 49 20 -60 55 43 -51 -72 -29 93 -17 -63 -94 24 69 30 -99 -12 23 -98 50 -89 -37 70 61 -28 -10 -16 66 96 9 -11 86 -23 -31 -89 46 80 22 -24 97 75 72 -95 -97 79 65 95 62 -40 -66 43 86 -39 -14 -72 -75 -55 -81 51 -88 59 -63 71 -95 -46 46 -65 -27 -57 92 72 68 85 -56 -70 89 -25 -81 -43 71 -55 -25 73 -6 42 -54 63 75 22 94 -14 -68 -22 34 -39 44 -22 -96 77 23 -11 34 -43 98 52 -6 31 93 67 -72 7 66
-49 76 -87 -71 37 28 40 -11 -89 -66 52 -42 96 30 64 26 11 22 -85 -21 -1 10 86 12 -83 -27 71 92 63 53 -28 19 51 -12 -85 -74 10 92 -38 75 46 83 -23 11 -32 -37 50 79 0 20 -9 -97 -90 -50 72 -16 70 28 16 7 -42 -91 -8 -23 28 46 -72 3 -40 -31 -67 20 39 68 44 -83 31 -5 -47 -4 -60 40 96 59 -19 84 -5 -77 21 -5 45 -63 29 20 -74 -36 73 -42 27 -86 15 32 -6 11 -15 12 16 -24 5 79 -98 68 -4 -30 25 94 20 -80 -51 -95 -60 -71 -95 59 61 -98 -79 -75
-85 61 74 -43 81 -12 94 -14 21 2 -74 72 -37 81 -86 43 68 -80 -33 66 56 83 47 59 29 99 -78 -43 38 15 27 -77 28 17 -54 23 -58 -57 -80 -53 -77 96 -94 43 36 -51 -65 -39 7 -54 -46 -75 67 -14 69 100 -43 16 57 25 79 -52 54 -10 61 -32 4 99 11 -95 -26 -81 -30 -15 74 95 -23 -68 -77 18 87 25 -45 36 -52 -28 -32 -86 -65 -68 12 100 24 74 95 17 -64 -65 10 23 -78 -56 98 -38 42 -88 60 67 -29 46 -6 91 -84 80 18 -39 -63 88 20 -2 50 -29 -6 -48 70 34 85 -93
-6 64 100 89 -14 -7 49 25 -24 31 -5 -50 98 -5 7 -92 9 59 73 87 92 -83 24 -66 44 -83 -81 35 56 87 17 -26 -22 -69 4 95 85 -91 -68 60 -25 16 -56 53 41 -59 5 75 3 53 -31 -99 5 67 -44 -67 -58 55 69 62 0 -98 8 -20 83 91 -80 52 21 -21 72 -20 59 -70 -15 11 51 -79 -96 -60 -77 79 -21 -74 -12 92 72 15 -66 54 2 61 87 3 8 42 46 75 29 -66 -83 72 -62 72 -31 -64 -55 61 -48 -83 34 -76 -98 99 -65 90 88 80 52 44 -96 -94 -91 57 100 60 -31 -25
88 47 67 85 65 52 -70 49 -75 56 -17 -48 12 -24 -78 88 -51 99 34 -41 -38 84 15 13 10 -81 26 13 -88 36 60 91 -94 97 -53 65 20 29 -7 -32 33 -12 21 -87 44 -25 -61 -49 -38 12 75 19 6 -1 -42 -21 -86 -51 84 27 22 -20 -76 41 -82 -6 30 -40 -45 71 -97 -17 -71 -33 31 68 -28 44 -13 -26 -2 97 -43 -5 -80 -99 66 50 61 88 23 -34 -68 70 4 -82 -47 -10 43 -65 59 -48 -9 -40 -100 78 -40 100 42 35 35 70 -8 -44 30 38 -60 20 58 11 10 1 -51 -40 -4 -92 95 3
-7 63 53 33 -20 -31 -82 -70 24 18 -75 -30 84 36 -91 -16 -77 20 81 -52 -96 -22 -6 19 13 -78 -56 -59 98 66 -36 -41 -35 22 82 31 -70 -10 -96 7 -16 -91 35 83 20 -53 -63 -90 31 65 -13 57 -18 68 -75 -68 47 80 -83 40 -13 75 20 80 -12 56 -17 -56 30 -38 4 -61 -81 -37 79 99 27 95 31 -33 83 -8 7 -48 47 -18 -8 95 91 -8 -80 16 72 70 15 -12 60 -66 -41 -20 -93 74 34 -76 -69 -10 59 5 -52 100 30 -83 93 52 -71 58 97 2 -20 -29 57 4 -100 -40 47 91 21 -18
3 58 -67 -65 -48 -49 -50 67 39 -37 -28 28 -44 0 88 -58 89 -81 66 61 -69 20 -79 32 -30 73 -87 26 -13 17 36 30 54 -44 -34 58 5 -74 72 88 -20 35 44 -1 60 17 -86 62 -71 17 97 -7 74 27 -56 90 -1 7 -24 26 77 -35 52 21 -92 41 -68 -56 -87 -67 -38 84 74 -8 11 -29 67 -23 64 8 -30 96 -32 -44 -56 42 -24 80 -65 -45 -22 72 1 -64 -32 60 14 4 37 96 -73 70 -48 -61 -84 -23 55 85 -4 -24 71 -55 -16 52 38 100 86 94 97 97 -79 -60 38 63 -21 -96 -45 16
-92 70 -14 -81 -50 2 -82 -18 -57 43 -16 86 -61 -99 46 45 -75 10 67 53 35 52 -64 81 35 50 -88 30 52 -37 72 -83 18 93 10 -17 34 25 -90 97 30 -29 68 86 -29 4 -91 -96 -52 44 71 0 47 -93 -70 -51 -87 75 54 -79 15 -81 -77 0 94 -91 -70 -80 -71 -39 26 80 -53 -68 -82 -17 -92 -93 84 24 78 -47 8 8 69 -92 23 -17 39 -5 -83 51 12 -62 -18 5 -91 -62 83 -21 87 -75 -62 55 70 0 26 -73 -76 89 30 -78 -81 88 -67 9 -36 -64 12 62 65 -84 -78 -17 -39 34 -52 -76
-2 30 89 30 -100 -76 75 -72 -76 -89 -64 34 8 -10 41 -87 34 23 -11 24 -14 -61 -42 -55 -5 61 55 75 51 18 -36 -1 52 -34 71 14 12 -82 41 98 1 82 93 -51 78 -13 77 -73 -48 87 49 44 100 13 32 11 19 4 -71 68 66 89 82 -33 -44 13 -72 54 55 -77 98 17 6 67 -91 70 -64 14 57 -18 41 -69 17 -44 -45 -64 18 39 -17 -42 98 -72 -16 80 -28 -43 89 -82 57 -2 55 -27 91 0 -37 75 -89 5 90 25 -4 -94 22 -39 -29 -75 -82 -55 66 44 -69 -81 4 -60 3 -50 92 39
57 -39 -83 33 81 -83 24 83 -25 -70 -85 97 4 -80 -2 -91 -61 8 -40 19 -67 -28 91 -41 74 44 -7 41 35 -72 -100 20 96 55 57 -72 -64 88 89 -67 23 86 63 -23 17 -91 91 6 -24 55 49 88 55 -80 28 -22 26 95 -27 16 34 -88 -83 89 -97 98 -21 -55 -82 -5 -63 11 23 84 100 -5 98 -67 -82 89 -79 12 11 94 17 1 -69 -70 82 -76 -85 -60 -12 -98 46 -82 -60 -33 67 -9 8 95 15 -23 -69 72 -85 74 64 -69 79 44 90 -60 79 85 61 -90 -73 -81 -50 15 20 66 -45 -92 -75 9
-34 -22 -50 16 -80 -17 -70 -51 -99 -36 -78 31 33 -37 -88 -67 87 -69 -65 30 3 66 18 8 -74 66 -81 -34 -54 81 -41 85 37 -22 -73 73 8 65 88 20 83 54 89 -59 -57 -27 -55 9 27 26 -38 92 -34 81 -72 -46 -69 29 -61 -76 64 -87 -34 -57 -58 98 36 19 4 51 -39 7 83 75 22 -42 -91 15 -27 -13 0 -5 -67 -42 -56 -97 11 -8 -16 -1 4 -24 87 85 -96 -48 -99 -49 -28 65 22 -82 21 69 67 -84 -97 -30 33 -85 5 -28 -10 -40 -39 18 33 -6 -1 69 -65 -49 -5 -3 -93 -49 31 -6
-94 90 65 -14 7 -82 -89 -38 -85 -16 69 -73 69 -3 48 26 44 75 93 -8 -99 -45 5 -73 46 -75 -39 47 18 93 -86 66 -90 98 92 -32 32 28 78 -48 28 16 42 -2 -72 43 -48 -9 84 43 -45 9 -86 18 -25 45 18 69 -27 -39 44 -98 -95 -76 74 -58 -50 -86 47 62 41 -28 -21 -62 20 -9 50 -80 95 -36 -20 97 50 -65 -94 -32 -11 13 75 -79 36 -13 -67 38 46 -14 55 -21 -18 0 79 25 -73 32 21 -12 3 17 2 48 -79 17 65 24 98 -47 7 -69 12 -26 87 -49 42 79 -7 -92 33 71
-48 -4 -61 72 77 -80 44 78 41 65 -20 9 -52 -87 -63 -35 -100 41 38 -12 -88 3 100 -95 -42 -52 -17 38 -28 21 36 -2 98 -82 8 -98 14 6 -96 -98 -34 -48 -42 84 -42 43 -58 -2 100 -83 71 -11 10 -71 43 -43 52 54 6 100 0 -23 -41 41 99 -46 77 98 38 -100 -94 -95 14 -23 51 -42 -33 20 -76 -58 -12 -48 -48 54 -48 42 78 31 70 57 -79 -19 -29 -88 -42 15 -70 1 56 46 62 -60 59 -99 6 -79 6 19 -10 -42 -5 -9 -75 1 -57 11 81 32 32 18 -14 -77 -38 -34 -16 -6 1 29
78 90 53 -81 21 -15 -40 -20 -89 -14 -7 33 -22 14 -18 70 70 -54 0 46 97 -8 -72 83 23 -8 -10 49 24 -40 83 83 -72 87 -12 -65 -34 75 20 17 63 3 33 -81 -66 -42 68 64 -2 28 26 -23 -10 88 35 1 82 6 -43 -77 -100 -80 94 -86 14 47 68 51 18 -64 -58 29 2 100 83 -43 74 -2 74 86 -27 14 -41 -10 8 96 -29 -64 25 3 8 24 35 -5 -74 94 -94 11 -98 -79 -42 -60 46 -11 -8 8 -34 62 31 40 10 1 57 30 -73 11 81 -19 53 85 2 53 43 20 94 9 50 -28
-47 55 82 -100 84 -94 48 84 -32 33 -40 88 -73 13 54 -2 84 28 35 -63 96 -68 -99 -50 36 45 -77 -49 78 38 -87 83 77 -7 -11 99 -97 -41 85 21 -57 59 28 8 76 39 -5 12 75 -79 12 -87 21 39 89 86 44 -75 -67 22 55 1 18 -20 14 -74 77 79 86 38 -10 -7 64 16 98 -80 -54 47 -77 -6 -97 -49 -88 64 77 26 44 74 -75 -13 80 40 -51 -95 28 -57 6 44 -17 18 61 50 26 83 -89 -8 -2 -85 -24 44 -31 38 17 -87 56 66 -38 35 3 -37 88 5 60 -90 -24 -60 -64 -80
-54 70 -95 -97 65 77 53 -75 65 -5 45 -4 31 35 91 -55 1 39 21 -19 -73 54 11 -48 27 22 62 -27 -72 19 76 -74 -33 -32 22 -9 41 34 -38 17 96 -33 66 38 -86 -8 -87 56 -3 -89 99 -65 97 0 -28 -75 -43 -7 29 -5 -89 -26 -12 91 88 92 -43 -95 -11 -27 -51 75 32 44 91 10 -71 72 22 -89 -28 50 -20 42 43 50 -46 36 95 67 -40 11 -69 4 -66 -49 -99 -23 -95 -4 -39 42 42 47 55 73 84 36 93 85 96 -14 34 -74 -93 -16 10 24 -60 -61 -22 -75 77 15 -72 -39 62 6
-80 4 3 -63 -87 89 77 -30 62 -33 -80 -87 -8 14 -99 50 -3 48 65 43 -11 13 29 83 60 -28 22 -100 65 -97 15 -93 -31 87 -53 -16 1 -80 -75 83 64 -70 30 79 -100 -14 -70 -3 5 79 28 -27 40 64 84 34 -73 -30 -74 50 63 81 2 -91 25 32 63 77 -69 6 -26 -22 47 -93 70 23 -68 89 87 -83 -7 13 56 -65 66 -90 40 69 -12 -72 -91 -23 -13 -18 -89 -35 -89 -69 32 -13 -42 38 45 24 71 -96 62 -43 63 38 31 16 8 6 40 71 35 -48 56 6 -4 40 44 20 84 32 72 76
39 19 54 -67 -65 -69 -23 12 30 -51 -21 -73 -21 98 -36 -15 -26 44 97 -70 56 88 -92 90 34 71 -42 77 63 -70 67 82 0 -35 74 21 8 90 53 73 52 -95 -29 -18 0 54 71 28 -89 71 17 -45 -98 -2 54 -73 -58 -4 96 -1 40 48 3 -84 10 32 49 -44 -31 -98 75 34 -40 -69 54 -10 32 26 6 -68 4 -35 -45 3 -14 73 -80 71 -2 88 27 36 -84 72 19 -99 1 71 71 -6 54 -93 90 32 -31 -3 39 99 -17 -61 36 -11 -87 -38 -19 -75 -23 -2 69 53 48 54 2 -82 21 98 56 90
-42 -30 -65 -59 -13 -5 -32 -33 50 46 -81 59 23 44 26 -34 -46 -68 73 -1 82 -18 -13 72 83 25 -39 4 -9 -29 65 70 -77 -38 -37 13 89 63 29 19 -75 4 99 -15 94 86 81 -71 100 -96 -40 3 -36 41 -55 -76 75 -9 -5 69 -87 91 76 5 26 -32 69 -67 11 -75 -80 -2 -68 49 76 -27 69 -80 35 -85 61 42 24 -55 -79 -73 98 -8 50 92 47 -56 -95 39 -90 -65 -18 -2 85 89 -51 72 -59 -35 -80 -85 -18 -36 -30 -14 -11 57 -4 67 40 43 -95 -87 34 76 23 -48 76 12 -44 89 -53 -75
37 4 -72 -66 82 65 20 84 13 65 -43 64 25 22 -100 -53 81 -66 -27 -50 -2 22 -20 79 -26 70 64 -58 8 -63 -67 58 -49 -21 25 43 74 6 -55 -71 8 94 -14 -94 -23 35 24 70 -74 -38 25 36 -69 -94 52 -57 84 56 70 87 98 -94 52 83 51 -94 -24 12 21 37 34 56 33 -5 -18 68 50 -78 -1 66 46 1 -71 -88 68 -14 -47 33 4 -83 -57 -86 -65 -14 34 -88 -84 -39 83 15 54 96 68 -3 52 78 -80 -63 -48 -62 -11 58 -29 63 95 15 17 24 -66 -31 -3 0 81 -90 -51 -77 -77 -28
-76 -40 -89 3 -17 -72 62 -68 19 -79 18 29 -50 11 73 22 21 -9 4 29 -86 -44 -14 -86 -89 -26 30 -90 -35 -28 93 -4 41 59 -79 -35 -3 -63 98 -9 83 -5 -30 -54 -34 -84 83 10 -81 -5 57 -34 -59 -18 98 -94 10 71 -48 93 -55 84 -96 71 62 -91 -73 21 14 96 -4 17 43 -87 30 4 -53 94 91 20 61 17 66 98 100 88 -48 48 55 -30 -72 21 -24 -49 29 -64 -90 52 26 -15 78 98 45 -25 53 -41 -54 89 77 -87 -47 -80 29 -42 4 -72 38 27 87 -70 31 -57 -82 -67 99 -94 5 -67
-27 -31 -35 -39 8 -31 -24 12 -24 36 -58 -26 29 2 97 22 -37 -41 -3 27 -79 -40 87 -70 -70 33 -33 84 1 59 56 -3 99 -11 -38 1 97 -78 -8 -36 -7 85 -51 92 87 4 -42 97 -21 -80 -28 -96 -43 -72 40 -63 -17 95 64 -67 -47 92 -47 -94 32 29 -25 7 61 62 45 -81 50 -50 91 -57 -98 3 74 55 30 79 -49 -60 -31 -10 40 -61 -68 88 51 -9 -12 -90 -67 -19 -84 0 27 84 36 -59 -44 26 -30 89 16 -33 -98 -6 18 64 30 32 -3 -36 20 -4 -63 59 -33 6 -22 -97 -56 -73 58 28
29 57 -31 -60 29 -28 3 -50 5 -71 82 53 -43 -1 -6 -82 19 14 8 82 84 29 -60 35 -96 72 -83 -4 -51 14 30 -60 -25 97 -92 -53 14 76 -61 -11 42 96 -15 -91 85 35 72 70 -22 24 -33 -46 -28 80 66 -39 13 -31 14 65 -46 91 59 -60 -69 -91 76 40 84 -7 72 28 54 57 48 81 17 -64 80 89 -100 -4 31 -76 -92 -22 43 67 -100 -66 -4 16 -77 -28 -25 80 -63 -19 -56 65 45 41 -11 -50 12 49 -53 8 9 22 -63 -6 -91 25 82 0 -55 -23 66 -45 37 94 -62 -43 68 62 -10 -11
37 -62 3 -6 69 -83 -61 98 33 33 -99 -49 99 14 56 24 19 47 -80 76 48 -15 -9 84 -62 48 62 -60 -70 93 -84 67 73 53 -27 -32 -9 -41 55 -20 -10 -88 -98 -50 20 7 -36 55 -40 -42 -91 16 8 43 -5 -98 -3 -88 -3 -52 -74 -77 29 -65 -72 -10 85 6 58 45 28 32 -38 -12 -3 43 -36 87 8 76 42 -6 74 -18 25 60 71 37 -43 8 91 -61 -75 -14 -23 -67 19 12 -8 -45 -76 -42 40 28 -56 79 20 -71 -11 -1 88 -91 71 -49 40 9 -75 -9 -19 -79 52 -10 -37 -65 90 -28 -45 62
36 22 -53 97 -94 -13 -62 -65 -1 80 -21 90 82 72 42 -12 -80 68 39 37 37 73 64 88 -26 46 -83 -35 -41 -16 -89 -16 -64 71 16 -2 77 -16 63 30 61 -24 89 -52 69 -23 92 -32 -57 -57 -56 -14 -87 -99 79 93 -86 -75 -3 55 -13 -79 12 73 -13 -100 -44 16 14 74 -82 51 -6 -94 47 92 -22 -42 -70 10 44 -85 -27 87 -92 -34 -89 -90 37 32 94 66 -72 -66 -42 -96 59 -48 -69 49 0 4 -91 14 96 74 -23 -70 51 91 60 95 -7 89 29 60 -3 29 -75 -37 11 -40 -96 -13 74 -92 -49 8
-34 11 82 -57 74 -41 -91 69 50 -92 5 20 -1 8 -19 -1 -2 3 97 -62 53 -42 -37 6 -14 83 -59 81 -62 14 -98 64 59 -95 -50 -57 -79 12 93 7 -66 85 92 21 -78 68 34 -84 -86 -35 92 -45 -34 9 -1 60 32 -14 -13 64 -8 -100 -99 -56 69 63 -53 -1 34 31 8 28 76 -22 -80 -79 62 -32 85 -73 -81 22 -50 62 24 -49 38 -1 7 -36 8 -43 55 -65 -72 22 -2 -97 73 -88 100 38 -94 -59 -50 -20 26 96 20 22 67 -75 26 -18 -21 -85 -71 60 72 -14 96 -52 -96 -28 -77 -98 18 -97
62 97 89 -53 54 12 -82 30 -57 63 -19 27 13 71 -28 -13 52 97 51 -100 76 -65 77 -48 -14 -98 -74 51 63 -54 75 39 83 56 -63 82 -21 -50 82 -41 -47 -12 25 68 -11 58 86 -7 35 -19 45 10 72 -5 69 -64 99 55 -74 62 -58 -37 -63 -42 -67 92 12 -95 55 -30 14 -65 45 -27 -49 58 -16 44 77 100 -98 -10 -51 -27 -85 -4 2 67 70 -11 69 35 21 45 94 -23 25 10 80 -18 -49 67 45 -81 -46 3 36 -9 -64 78 -60 66 -10 46 0 37 15 24 -77 -2 75 -20 -10 54 -19 -23 40 -62
55 -33 48 46 84 -78 -12 80 46 -10 25 -71 -52 -84 -18 20 2 -90 84 -14 64 -82 -27 -8 17 -17 4 1 19 -21 -97 11 -6 -38 -11 57 -94 -43 -29 -94 -84 -9 -36 -29 -8 -11 64 82 37 -90 -24 33 -35 -39 34 57 -50 71 -40 -57 -23 99 -100 -64 -65 -6 8 -94 65 42 -88 -29 48 68 86 62 77 24 85 41 53 -84 40 -67 6 0 39 -71 -39 -78 -48 -25 -67 56 52 -72 -23 59 -36 -35 -8 49 45 -66 -87 -1 -65 66 58 -92 -72 70 -21 -39 -26 -23 79 35 -82 -93 100 -43 79 -92 34 -62 -53 15
-25 -1 41 94 -44 64 97 4 -65 45 -38 80 96 15 47 -97 93 -77 3 7 -46 48 1 -60 -41 -73 44 14 -17 -54 -39 42 -71 6 -32 90 -35 38 -89 51 85 -44 -54 -3 -30 -33 -99 58 27 46 -72 -100 9 86 71 -44 -96 -47 25 12 -24 -20 -84 -86 28 -30 91 -8 -93 95 -64 -40 -60 44 85 -75 41 58 54 -99 47 -88 18 -100 -3 -10 64 53 -47 10 -28 -85 88 94 -3 95 -63 77 88 40 -44 90 -64 48 -8 83 -79 53 55 -80 -99 -20 -40 77 -42 -11 72 -20 22 -73 -94 66 -29 -85 -94 -21 -89 -47
-51 64 -51 69 16 12 -21 -84 -4 84 -64 -39 14 46 70 -14 88 -68 43 -82 62 84 94 -35 -75 73 52 -73 22 -82 -88 -39 -30 -87 -13 -35 19 48 59 -34 -23 98 -28 -5 81 -47 53 -18 81 42 24 89 -6 16 -12 -28 -35 1 41 -22 -40 -29 56 -59 -39 11 -85 -24 80 78 -27 -48 90 85 -81 75 -59 6 98 74 -13 -91 4 78 67 -85 74 -43 53 -74 77 50 -28 24 -85 -38 37 -63 -36 54 88 41 51 0 -85 22 50 -34 17 85 -54 -72 -30 7 -15 17 75 -77 -67 -30 15 -31 -39 -33 66 79 -50 84
1 -77 53 66 -42 -62 -73 56 24 72 1 -9 -74 -98 27 -48 75 51 59 20 80 14 -38 -12 65 84 -28 -59 94 3 -85 -39 -56 -48 9 44 -66 89 -27 6 -26 -13 5 -4 -8 -25 90 -93 46 -77 57 64 -61 77 24 43 21 93 -80 -39 93 -83 -70 85 83 -99 41 89 -72 37 -32 28 -30 -18 -24 -30 9 42 99 -13 -4 53 44 -87 74 50 -53 12 -1 -24 56 29 66 45 -12 80 52 -48 57 -75 -73 -93 30 7 -33 40 40 -95 48 -68 -30 -64 -82 35 64 -98 96 99 83 52 -68 11 27 59 19 2 -77 55
50 36 35 -96 37 14 -9 -10 25 75 -80 -80 -80 85 -41 27 64 -92 -65 -40 81 48 -98 79 -41 -45 89 12 48 -58 25 -3 28 -70 47 53 -18 -86 25 -100 -88 -51 -30 16 94 -82 -97 74 -54 83 99 92 93 65 50 -91 45 88 -40 87 76 -48 100 20 -65 18 -78 -16 59 -83 -78 92 -34 -69 51 -99 41 47 -89 -89 19 -91 -93 -98 -47 -11 45 41 68 97 -65 -35 37 95 -9 61 8 80 -23 45 -77 39 19 -38 -10 13 75 53 66 -46 99 -85 -11 -88 -23 -17 72 -86 33 87 -52 16 34 99 -86 -100 -64 26
-86 -54 -23 -79 54 8 -27 13 12 67 -24 32 -47 -92 -22 -25 -15 56 -18 -70 -86 20 -11 62 27 12 19 52 24 -84 -15 -10 -54 2 -38 93 37 -76 -12 -45 93 64 -44 53 86 -70 -96 -89 -28 79 96 31 -71 51 -32 -86 94 24 46 91 -47 96 65 42 62 -70 -83 -66 -76 -36 95 75 -27 -68 -44 -5 1 17 -45 -44 24 61 91 -15 -81 55 7 -83 70 51 -22 25 -54 44 92 -17 -24 -84 89 70 28 -64 74 35 -12 75 -3 71 9 6 76 66 35 55 85 92 68 -47 76 95 -63 86 -62 100 -59 -89 -64 73
-92 98 -40 -25 -32 90 35 -58 12 -75 -41 -57 45 97 66 100 93 -42 -70 69 9 -14 80 -90 -81 -92 -79 -66 52 -61 39 25 -33 62 71 33 -24 -32 44 54 72 -33 15 87 -12 21 21 42 91 37 69 -63 -46 -21 -88 3 -91 -79 51 -85 -91 52 71 59 -2 -1 83 35 37 -82 -2 -65 -4 -9 -86 8 17 56 21 69 0 -94 16 -54 66 89 -43 -32 -53 34 86 35 46 -100 54 -10 77 -97 -95 -68 94 48 -49 72 -77 13 -83 -92 26 100 66 75 -18 -51 -82 -45 77 -28 35 -4 -42 6 -20 -17 -71 -42 -83 -15
44 20 69 46 91 25 95 -73 57 33 -27 3 81 -13 71 44 -39 -2 -59 58 -29 27 13 -46 -76 31 91 90 54 64 -81 -49 -92 -55 -66 -86 79 -57 -19 57 66 48 -40 82 -66 59 -98 72 38 53 -87 61 100 68 49 -80 -82 -23 35 -88 70 14 -93 -11 82 -21 -25 -2 -43 23 3 60 -54 -84 -39 -69 -16 -20 67 37 -42 63 30 17 -39 60 100 -29 -19 71 -3 79 -25 11 33 87 73 -75 92 32 77 -31 -82 -4 -82 71 3 -5 86 12 51 -78 29 -52 -10 -2 21 100 69 13 56 39 91 -20 -50 -49 -85 66
31 -61 -17 33 86 -21 25 42 -10 77 37 94 15 -75 -88 -11 90 77 -3 -75 -15 48 8 70 -38 93 -39 -95 41 -24 57 -17 -65 32 -33 -53 31 -4 -6 0 -46 53 -32 -14 -25 -24 -86 0 -76 -14 3 49 -73 8 -27 14 32 -31 48 40 100 60 -92 -28 45 15 54 -41 -98 16 -61 60 48 -76 -55 -10 -39 -82 21 87 -68 -36 2 74 58 60 -80 -46 -16 15 91 100 -32 54 -20 -56 -20 -95 60 41 40 49 -52 8 56 -57 90 46 -29 79 33 76 47 71 -19 -61 -50 40 63 69 57 -73 87 27 -86 -13 10 -66
74 -26 -13 -45 -30 -83 58 85 66 50 79 31 65 71 -24 58 97 11 -93 48 16 -24 68 88 -11 -62 -99 -72 -83 1 -27 97 -41 45 34 -87 -83 -79 83 97 72 80 -22 -73 76 -36 -57 15 30 67 -18 -57 25 -36 -87 34 46 58 -75 65 8 -49 -50 -45 15 47 75 75 -59 -63 88 -26 34 33 -73 40 -24 -91 -19 86 -21 64 -69 38 81 -99 -14 0 -97 -47 -22 98 49 47 41 98 57 13 -25 100 -55 -22 -81 -16 -25 -15 72 55 81 -1 33 92 -24 4 -48 -7 43 71 36 -12 -24 96 74 -29 -26 -55 -74 -79
76 -68 -38 -46 -84 2 -21 -16 -55 49 -58 -38 -87 -9 -80 -91 -77 -62 -93 -57 4 -36 -26 -9 -6 -57 22 62 77 98 85 36 38 47 48 -35 30 -37 55 -64 16 -16 93 21 -81 78 -6 92 9 90 -25 -19 11 -23 -71 -69 41 -22 91 -37 -60 -59 56 -96 -79 5 98 -81 -3 -78 -11 69 -54 69 -17 -29 19 -98 13 -64 -26 29 -61 78 36 -74 -54 41 23 -3 -87 -71 30 -57 -47 -55 10 59 -49 21 61 3 17 78 80 3 -93 -98 29 31 88 17 33 -96 -63 69 6 40 -61 99 9 47 43 -34 -77 97 33 74
37 -83 -7 91 47 -6 -67 -7 -100 75 -18 -29 -88 68 71 -56 35 -90 57 78 71 -13 93 -87 4 11 -34 -32 3 62 -98 -95 -23 46 -26 24 63 14 -77 89 42 -24 -23 -38 -99 30 -9 -4 87 18 -22 -6 -70 -43 -88 60 -20 51 -43 -84 -13 -37 -12 -2 85 13 80 90 45 9 41 36 -62 60 -3 -93 50 -42 -49 -14 19 -53 73 6 9 -6 -69 63 -41 93 -15 -88 -83 31 49 -49 -6 95 52 87 -43 -88 -67 -81 -72 57 18 -48 46 -6 59 -13 -98 -8 -54 -26 74 -25 55 30 -61 -38 77 73 -4 94 -59 -48
56 -76 -38 -54 41 55 18 95 15 37 67 71 78 94 19 -100 15 98 39 61 -88 44 -32 -60 77 -25 -81 69 73 -74 30 -24 -72 -11 26 -17 -88 15 -92 95 66 20 57 29 -63 -3 -24 84 61 -17 63 12 59 93 -15 -27 -86 -27 -78 -84 -24 42 58 28 28 -14 79 3 -87 -71 96 -6 70 42 70 4 -10 50 -1 17 35 -79 -97 81 -39 92 -49 -100 64 14 -78 21 -94 -65 56 43 11 16 94 52 -93 48 67 16 42 66 88 50 -21 71 21 26 -55 -44 -35 8 9 72 -6 -88 -68 -94 -58 63 67 -23 -93 33
-76 38 -48 23 -73 -59 91 -7 -22 -55 -23 9 89 69 31 58 -26 -14 -35 50 7 -44 -73 -92 -94 0 3 -60 -49 -42 -33 84 -6 -31 69 -94 80 -46 38 76 61 34 -76 85 56 15 -89 100 -100 84 -23 58 98 41 -100 30 -23 22 -26 -38 79 85 -82 2 68 33 53 96 87 -83 62 90 -89 53 -88 51 -70 60 -72 52 -34 74 -70 6 -67 -73 -100 44 23 -36 89 87 -15 18 93 12 -92 -41 39 -61 90 99 -78 -48 100 1 62 -79 90 3 71 49 -10 -44 -47 -33 -95 -98 -97 -22 -59 21 97 13 52 -26 33 -97
-65 40 49 -57 93 12 -36 -75 92 -83 6 66 94 9 37 33 -60 -17 -30 -55 9 -29 82 8 22 -20 76 -81 -5 63 -96 26 19 19 18 28 69 73 -56 -72 63 94 -70 -27 0 -17 78 -23 -52 -15 -57 -49 -23 -63 45 -14 -14 55 88 60 6 86 -35 -59 -82 54 63 26 -100 -95 -94 96 -54 -62 52 69 -74 -17 84 -47 -23 -58 -25 -69 46 -65 -48 32 59 -23 88 0 -71 -24 75 -85 -19 -94 4 42 -17 -99 -90 -12 -60 89 -49 -20 57 94 -76 58 -60 14 46 -55 -19 12 59 -38 100 -71 82 -92 -94 97 60 68
77 0 -67 51 74 22 7 52 66 -26 -40 55 -94 -61 39 -17 67 10 14 -4 -48 -42 -82 -21 -13 -61 -67 -100 55 -20 -70 -33 -3 -85 38 -49 -14 54 66 -73 -35 27 -8 -78 34 60 74 39 -83 -81 62 -93 58 -13 34 3 46 -90 24 25 10 -74 -59 82 94 -59 66 73 -58 -77 51 11 -38 -54 23 -88 -2 -75 -27 23 59 84 -13 52 95 72 -37 56 -76 -84 -40 -91 -91 44 -90 73 -29 78 55 -74 -27 44 -51 61 -36 11 26 -80 -28 7 -85 -54 -29 21 -47 -72 -15 -81 67 100 -72 -67 -71 46 28 -57 -23 -57
34 84 92 8 -40 -75 -55 60 21 43 -42 -77 5 95 -93 4 26 -95 83 -6 48 11 -91 -85 -1 30 -89 -64 66 87 23 35 70 -25 -57 52 -59 36 50 -77 -78 18 -14 -55 -69 65 20 -4 94 88 -98 -64 -74 73 -83 42 -57 5 -66 81 82 -27 -70 74 100 -19 -78 -66 57 100 -26 62 60 -70 -24 72 -68 -97 77 1 18 71 38 8 -44 17 72 -39 -89 77 -16 20 83 -11 -100 70 70 -61 5 27 -55 59 63 -16 -71 -97 22 -80 -53 -30 -4 96 -71 -62 -38 1 -7 -83 67 -72 -67 15 -42 24 56 -100 17 63
-12 -54 7 0 -3 78 60 -37 86 -45 31 -50 -65 -78 -20 -69 16 28 -12 77 86 46 -90 60 91 -63 82 36 60 -5 58 -81 -76 61 2 76 50 2 -53 -56 -54 7 -45 34 -14 80 -49 -48 -65 57 -85 44 -2 -54 -27 68 -51 -63 -44 58 -43 80 -38 -21 45 52 -10 -70 -62 62 12 -100 49 -49 76 67 83 44 43 68 90 94 -74 86 -16 -26 95 42 45 -20 75 -3 0 -81 -57 -46 -88 -3 21 50 92 30 -19 50 -47 -42 -64 39 -94 -31 -60 -23 -66 -10 -68 -60 12 73 -72 89 3 38 -24 -45 69 -62 55 73
21 -62 -36 -69 -18 29 -10 -95 0 46 -78 -52 -94 83 67 -61 -47 52 -36 -72 35 5 -47 11 -73 73 54 -32 -43 -45 2 79 -4 -25 -73 -62 29 -16 18 -7 -90 87 -99 -35 7 47 26 -4 73 -38 24 31 -82 38 -86 45 23 83 15 -6 -92 -16 8 80 32 22 -71 0 -64 -64 -44 8 47 71 97 51 -34 -14 90 43 -75 -38 -23 16 12 73 -68 46 83 -18 -13 -37 1 77 -73 40 -18 1 19 -30 -97 -9 -59 24 -87 22 28 21 -9 -48 -64 -49 -24 72 -100 22 -27 23 56 -79 12 -58 77 57 -15 13 11 -68
-92 100 48 27 67 -71 -70 -48 -89 -42 92 63 -3 43 43 -58 80 -33 73 -21 40 52 55 -86 11 -18 -24 59 -32 50 -81 -68 69 64 87 -75 -3 65 -74 52 -53 -96 -9 -100 -83 -31 -81 9 -94 -94 26 95 -43 48 82 -60 4 -1 25 -62 -48 -88 -13 65 -41 -46 100 -96 54 -53 53 91 84 -43 27 12 69 82 3 -17 4 -100 38 -23 -52 -39 -32 -29 -81 64 -88 98 19 38 -62 -96 10 -58 65 37 -19 -80 88 -48 47 -6 21 93 -42 29 -4 67 -83 -57 78 14 -62 -18 -21 69 19 -48 42 55 -33 70 49 -83
-77 -37 -58 33 -47 -71 33 100 -20 36 -95 -27 -54 85 54 -7 -43 86 1 2 28 -26 12 71 80 -64 -67 -7 -4 3 -36 65 69 14 95 96 80 -26 -56 78 49 67 -46 -17 -43 -87 25 59 12 -41 -3 28 18 -49 50 -77 20 24 85 -55 44 -24 -42 44 -75 -97 -39 25 -54 19 9 81 97 87 67 -30 40 -10 -62 -11 23 -49 84 -10 -16 17 65 69 -17 39 79 39 -24 -83 52 -11 -26 57 -26 -36 22 -51 70 -44 -50 31 99 -37 -19 68 -52 63 96 34 51 -18 98 -62 -34 77 67 -33 -59 -18 15 36 -24 17
37 -43 -68 14 -100 -25 4 69 -28 -69 47 90 -35 100 -84 84 70 33 60 -81 -100 -17 5 -69 -99 -60 -53 12 32 -31 -13 25 75 57 19 76 3 90 -50 5 66 -71 83 -63 83 3 56 5 -65 -42 85 18 29 -3 25 -35 79 73 85 77 81 -28 -74 -64 25 -82 74 -39 -77 -27 -16 -62 -66 -66 31 -22 97 84 20 -5 -98 -23 12 -77 -14 -64 -34 41 37 -49 -47 83 -16 -34 -59 0 99 18 -86 -57 32 -45 44 33 -19 -56 -89 26 49 -99 39 -33 -85 39 -19 87 -30 52 11 -9 -17 -29 -68 -18 -29 29 45 -67
-83 -1 -96 -42 -81 15 -91 -92 66 1 -88 -43 -75 -10 -88 -54 23 -48 -14 -5 -60 -84 -7 -100 83 -74 -20 -84 -39 -57 -69 -74 -92 -36 -25 64 98 39 29 -55 -91 6 29 74 -36 26 45 95 -6 -93 -86 49 -54 -92 44 37 78 43 -100 5 100 -16 41 79 -51 36 98 -64 -54 -69 -4 50 -48 -14 -55 -79 18 48 -60 -21 -15 53 48 92 -100 -57 98 42 -23 73 41 -16 -51 -30 73 -93 56 -53 1 30 -84 -36 72 57 53 -1 -32 -45 -36 -77 -64 99 58 -78 6 -15 1 57 42 -39 -19 24 61 -96 -81 -50 -50 86
-72 99 -58 -28 -27 -8 -32 -7 47 -97 8 54 -32 72 -5 52 -52 -95 -59 42 6 30 -83 -69 62 -44 -70 66 -43 -46 36 45 -59 53 -70 28 97 99 72 -13 -49 -34 11 84 -9 31 -56 -35 80 -21 -15 100 -44 80 -26 -87 -5 12 -4 8 80 -17 -6 20 -14 90 -6 -7 32 -90 -82 30 19 -72 49 -80 -46 75 -37 -45 36 76 -59 53 -50 -18 -32 77 37 -94 84 -44 -35 52 -95 -55 -35 5 -100 -47 87 -48 -77 -21 43 -84 44 -89 -51 86 -75 62 74 -87 38 28 -34 60 -82 36 57 69 58 -93 -17 87 33 5
-67 -41 -68 84 -21 51 -42 25 -87 6 -46 -11 99 69 -14 11 94 72 -87 15 -63 8 -98 -69 -85 24 32 -26 86 69 33 25 90 -22 -99 -93 -62 -8 -26 -5 21 32 10 42 66 -74 22 42 54 -88 71 -57 74 -18 -85 -30 96 34 23 -27 -60 23 23 -76 21 -96 22 -6 49 31 82 -83 -91 55 -6 -74 18 73 -83 -20 41 -44 -33 11 38 -77 -34 4 -18 -14 61 68 -83 70 94 14 -8 -4 32 -87 57 43 76 29 -14 72 -27 -66 40 -97 -89 -47 -14 -88 -37 63 -32 -57 30 -33 -9 -75 -54 56 -74 -87 74 -64
91 -22 -39 41 10 -67 13 32 72 -22 85 -92 -13 -83 -23 -29 33 -53 -86 18 -51 -43 53 -40 -50 52 61 -83 -98 -13 -54 70 19 -59 -45 12 -38 94 42 10 7 -19 -34 8 6 83 68 -58 -50 14 23 -49 -61 -42 0 -14 -72 -53 21 -4 -60 48 -94 -30 -64 96 -57 22 -80 -92 72 -19 -90 64 43 -76 89 56 6 -54 10 26 -75 17 -56 -41 -39 -67 -85 73 -10 47 83 20 85 75 -52 -36 -41 -21 43 -93 -92 -90 76 95 55 -51 87 53 17 -41 92 83 45 32 38 -37 100 9 -48 97 33 -75 -44 90 -97 42
56 41 -87 -88 88 -19 23 -29 -64 -5 45 87 -28 -35 -75 23 60 -56 -18 99 37 5 54 27 -89 93 -74 -74 55 48 97 -50 -59 85 9 22 -89 25 -16 51 61 -54 -13 21 -52 -69 -9 69 -23 -42 -35 89 26 26 -10 -60 -74 -32 17 -21 82 84 -30 -50 12 73 20 -19 21 58 -67 -88 16 57 76 -67 11 -46 -5 -13 -28 31 -60 -33 -71 6 -94 25 71 -41 -74 81 -72 32 -81 -44 97 0 3 92 -35 -31 -89 6 67 72 52 -36 -42 -29 -15 -48 -44 58 -81 -26 -64 -53 -20 -84 89 -38 -86 -3 -83 62 -9 -6
-17 -71 76 88 -10 -68 33 -77 -68 -63 -7 -66 56 -30 62 -6 -7 -4 -21 50 -26 -93 -27 94 -25 -73 80 -7 82 25 98 1 14 93 31 -13 -66 56 -82 -89 -10 16 -62 -93 -57 -35 17 17 -88 -14 99 -85 30 75 80 13 7 92 26 33 -94 47 83 71 -75 38 11 -4 -20 93 -34 34 -67 -59 -21 3 -4 6 24 76 -18 -64 63 1 -72 -97 35 92 19 68 -36 14 -87 -26 35 -52 -58 33 29 62 47 -4 80 -27 73 -59 -13 70 -61 56 -23 98 22 -62 2 22 -49 99 57 -54 -64 -15 73 61 98 63 53 -16
-78 -85 -67 77 48 -74 48 97 96 -9 0 -6 -93 -97 82 51 -30 -52 -7 10 -89 40 60 75 -44 71 -95 66 9 -72 57 -79 -57 -9 37 -71 -20 -95 -32 -34 64 32 52 72 -44 -63 92 -31 -94 -92 99 -11 81 69 95 -13 -27 95 50 78 97 -63 56 -48 -51 -16 -20 12 80 -74 -76 92 76 32 58 18 20 -38 -1 24 -86 -76 68 -95 -42 18 60 -1 65 52 33 -52 87 49 61 9 41 37 55 -30 17 -93 -86 -53 -33 100 -52 39 -73 67 -27 47 -2 92 80 6 99 -7 46 59 15 -97 82 15 25 -90 48 -87
21 -35 -25 -92 -55 100 26 29 70 45 51 -59 62 -56 -48 100 53 -32 -63 64 -21 4 -56 34 100 -38 -70 49 -42 6 -24 -27 -18 -49 97 40 3 -58 62 -39 9 -8 -80 -94 71 64 81 98 83 99 -85 62 -67 47 92 49 -88 -69 79 41 75 41 46 30 -46 98 88 -6 57 -30 22 60 -33 45 26 97 26 84 -4 83 65 -6 57 -87 -87 34 -22 63 48 -8 -100 44 87 -5 19 -44 -7 28 49 -30 -97 -30 24 -59 -17 -3 86 -72 39 -76 -27 -57 69 -47 -86 50 -77 -21 -5 -87 29 -60 -2 66 68 10 -20 -1
-78 -65 87 -66 -80 -12 83 -20 -92 94 41 -15 -81 87 -91 -13 24 -62 -51 42 86 23 39 -9 88 -24 15 8 -61 -62 -50 -16 -69 84 -73 80 -41 -18 -63 22 14 49 100 -17 84 20 -33 -35 -65 -98 -24 80 -30 -81 -41 -17 -4 -61 92 56 7 -69 -47 -46 10 -42 -4 -72 99 -67 -73 -61 42 -98 12 -13 -78 -57 61 -58 -46 -38 56 -99 -36 -35 69 52 -58 1 -27 -81 -55 90 -72 75 47 63 -70 82 42 0 -79 43 -89 -64 9 78 5 -91 -6 17 92 24 47 -25 99 -19 84 72 68 -4 -31 -73 36 -48 96 -26
-31 -25 -47 25 -37 -76 90 -59 76 38 -21 66 -55 -69 57 98 -12 59 -6 -82 -84 -55 -65 -87 38 13 -41 -35 53 44 -31 -55 -64 44 98 -17 10 90 -65 52 -75 -92 -92 58 -90 -57 55 -78 -69 30 -20 -14 6 72 18 -21 80 34 53 66 -4 67 22 -11 -21 -65 67 22 50 24 -34 -43 43 -69 -44 74 -17 24 6 -69 -78 63 16 -6 -37 -56 89 -15 57 21 96 51 84 -57 0 -86 99 43 -35 -1 68 -39 29 17 -95 80 -5 -90 -28 67 75 -11 -7 75 -11 96 25 97 22 -1 3 50 30 22 -20 -87 87 85
0 -72 65 -27 17 43 78 28 46 82 -11 60 73 94 -33 -45 -27 49 60 15 -63 43 11 -77 100 -96 -99 -99 91 79 -84 13 92 26 25 53 -83 -22 6 -71 52 35 28 72 -20 31 -36 -91 -90 -41 -96 -79 79 -36 19 27 -96 -90 -85 23 91 -9 40 11 -74 -6 -38 -100 3 -51 -79 -31 23 64 12 -27 49 -79 14 21 -67 -54 12 -42 38 31 80 -65 35 22 -52 -27 -87 -97 39 87 90 -90 -26 86 -79 -34 74 -93 76 40 -18 -69 -98 -2 71 71 -27 -59 31 24 34 -5 52 62 96 -36 -98 79 -8 58 87 89
-51 -72 -93 92 -20 74 30 82 100 -65 -97 -27 100 0 84 25 -72 -58 -40 -2 -10 11 20 92 59 14 -84 -46 -64 33 -32 -95 39 -29 -22 -38 51 12 -97 -91 -43 43 -97 -56 39 -57 37 57 83 -63 1 17 60 -74 -57 -83 96 44 21 87 75 -62 -61 -87 -92 89 45 12 -90 -85 29 55 -55 38 -55 -67 -76 -59 38 17 -27 84 48 9 -3 7 -37 25 53 8 51 78 39 55 44 69 11 51 -76 -25 47 77 88 33 95 87 -31 -71 -25 69 57 -41 -95 -70 35 67 -18 -80 -53 -74 -15 78 -4 -64 3 -67 77 63
50 2 -32 11 -97 -53 89 73 -71 12 72 -53 89 85 -84 -93 -75 92 -66 79 98 -32 -100 44 -65 31 17 21 -38 -67 -3 -91 -35 -40 78 -45 -23 -1 -8 25 69 -94 -61 -18 -54 2 -69 82 32 -23 -4 4 44 -33 8 45 -37 90 99 22 77 23 -4 2 -18 -32 -23 25 -28 26 -15 -78 81 -6 -67 37 -18 -100 -4 -32 47 -40 49 6 -77 -22 -58 30 24 9 -41 15 54 18 9 3 100 92 -64 -28 -9 -98 13 -12 -8 -56 19 -23 -15 6 -74 44 -68 12 43 26 57 92 14 -38 -100 11 8 -59 -15 76 78 -6
33 70 -65 86 -11 -8 -48 97 39 31 -49 56 -30 -2 46 -55 -44 -32 46 14 58 58 -28 -45 -16 -23 -46 -46 33 44 -33 72 7 17 91 46 73 1 38 85 72 -50 -93 74 83 -14 27 93 -88 58 91 7 -42 -36 57 5 -99 84 64 7 -35 50 31 -2 2 -27 -78 27 44 84 -59 -95 12 80 -30 -2 -42 -72 -20 -40 -14 80 67 54 -16 -27 -98 -23 -6 87 69 95 -58 -53 -79 94 38 -99 78 51 4 4 96 46 -42 -8 59 27 -58 96 -7 2 71 26 67 -1 -28 100 87 42 54 66 -77 -53 -47 6 -42 -14
-77 -59 97 -10 -3 -64 75 -22 -63 18 -84 -95 -60 -4 -80 20 -62 -43 -14 -92 50 44 -66 -46 95 6 16 -32 -96 63 -61 6 47 -94 37 21 -87 -76 16 75 -90 58 -62 90 -62 -60 21 -13 53 -72 -37 -55 -43 71 -32 -7 -11 40 21 22 -51 -92 7 37 17 36 -57 -72 36 -9 -97 -32 30 47 58 -33 -42 63 48 -81 41 -37 79 -97 19 -55 10 -56 -54 -68 11 82 80 -64 -38 12 -43 -5 -32 57 39 87 88 -45 -57 65 77 -82 72 -13 -10 1 9 80 98 -20 -30 -91 -66 -64 40 20 16 -83 -38 33 28 56
46 -77 -61 -83 35 -97 66 65 -54 -100 53 36 59 -50 59 -48 -93 -34 68 9 30 -83 71 -81 -11 -4 28 32 22 -74 65 88 -88 -62 -14 35 79 -72 -91 -42 -10 65 -73 85 -77 -32 -72 52 -49 -96 -35 -63 21 -85 50 9 -9 -47 61 60 -22 -26 32 68 75 83 3 58 -91 -53 -62 96 -65 51 13 -76 50 54 26 12 87 -51 -13 -49 -51 -29 -88 64 -4 67 57 2 33 13 -95 91 35 -75 -23 -94 -48 8 50 -57 57 51 -77 -28 15 90 66 98 -93 -54 100 57 24 61 57 -79 41 -67 46 -81 -94 50 43 -66
22 11 -47 -18 -31 21 95 34 -3 -87 -43 -81 54 -58 48 -99 24 15 32 -90 -69 93 43 84 28 -40 -45 75 -78 5 -9 60 -19 -37 58 14 -47 16 -97 73 -25 -38 -68 95 -38 35 88 -38 80 69 -76 93 -40 -3 42 54 -46 0 64 -82 -57 -92 -43 54 20 31 -35 -36 80 52 -36 -97 38 54 67 84 68 -35 -90 40 17 -7 20 38 -27 51 -62 -84 -7 42 -88 -64 -41 -58 -78 -72 98 90 25 -14 -95 -28 -53 -88 -34 94 -88 -9 32 -27 -8 36 -2 67 13 15 32 64 84 -27 22 -53 62 -67 -78 -65 0 69
-31 94 27 21 16 9 84 89 29 -5 -59 -38 -84 63 -58 -34 -30 44 44 -48 70 5 97 30 2 39 99 -18 33 -93 59 27 -23 -26 21 55 -77 42 -6 -63 -11 97 -28 -60 96 -34 -50 -16 82 71 -57 -81 16 91 -85 -71 12 -67 97 6 77 60 -20 -28 95 -11 -7 21 17 -98 -42 35 -42 22 59 92 13 -32 69 49 -49 68 -71 52 -31 -92 99 -65 -77 39 -76 25 7 25 -27 -12 16 -73 -19 -48 -39 -67 52 41 -99 -8 22 63 -7 -29 -44 52 -14 -49 -47 -68 23 6 -23 -31 -68 82 -2 46 -13 -43 -56 17
-99 -49 47 -11 -55 -8 -86 -41 -8 -11 29 -98 -93 16 69 -14 -51 -91 93 19 -66 -84 59 92 -61 -98 97 -1 74 77 -96 59 -30 -95 97 25 -22 -91 -20 42 15 -31 31 26 81 50 91 -29 -28 -72 -1 -81 53 44 75 40 -19 89 15 -63 -51 62 38 16 -64 62 -50 16 42 -6 -45 -45 26 -75 47 29 52 -54 33 -80 28 -35 -6 -75 93 -8 86 9 -95 67 75 68 -86 98 17 -3 -91 -80 66 -67 87 -8 -57 -14 51 0 89 -44 -10 -26 -33 68 49 -25 11 -14 -48 -53 32 92 -93 34 80 49 -82 -34 -40 55
-67 59 -96 -38 82 89 22 -99 45 44 -46 13 -50 -85 19 -62 87 -14 -5 -60 -5 -90 -64 -43 -98 -49 -74 -72 52 -8 56 -11 -23 38 -46 -38 -87 -31 70 58 96 37 55 -63 -12 34 0 -33 -62 26 -54 -9 -32 -22 -48 -10 -36 -20 60 -65 76 35 17 -8 -19 -57 2 -37 -69 -78 45 -38 79 -58 96 10 -83 96 -94 -22 10 92 16 36 -25 71 73 73 -4 -33 -16 -80 11 -67 3 -54 -56 -7 50 -75 -48 -1 -94 82 -39 26 17 -77 -73 39 52 99 33 -19 51 46 -95 -80 73 19 67 -15 18 47 -25 2 -20 -30
73 -18 88 -63 -98 18 0 -100 -43 14 -31 98 36 88 56 -62 31 -34 -10 93 -100 96 -82 64 -12 -82 -98 -71 69 -29 -65 17 -35 -11 -85 74 -77 21 77 32 -66 -92 -50 43 6 -72 91 5 -58 -85 -89 27 84 88 16 -12 -53 -98 63 32 -91 -15 -58 -81 62 -80 11 94 -87 -20 -29 -23 67 52 88 -20 -92 -78 -38 -18 82 74 -77 8 -69 41 -86 -84 -19 11 -89 98 18 41 77 90 -66 -89 52 -2 -70 -45 -67 -64 -61 33 -30 -98 -75 -22 54 47 60 82 -86 79 95 -69 55 -63 -88 -7 11 48 57 87 -23 66
25 -20 86 33 39 99 -1 65 -94 56 33 94 19 70 -88 44 -48 58 -54 -2 76 3 -24 1 -74 62 77 -78 -85 -35 60 -97 44 -76 -51 -61 10 -86 20 -15 92 -48 -11 96 40 4 93 -93 -87 -82 100 -82 -47 43 -38 45 1 -71 40 65 45 5 -13 34 9 73 -58 60 71 -41 -60 -52 47 40 -87 -83 87 43 41 -67 47 -47 -29 -90 -51 -80 -53 -20 -15 99 -47 -30 46 66 -23 -51 -61 85 -56 91 98 7 -78 37 54 39 -25 -91 -80 -31 39 -98 -78 55 18 -55 61 -38 68 -69 -66 -1 -54 -28 -98 33 -30 -42
-5 2 -12 86 73 47 -76 32 82 35 20 74 23 8 -12 49 -59 -12 -49 -77 -74 -13 61 -88 84 -28 40 -19 73 -37 41 -23 74 -54 77 -93 -24 -55 -74 -80 -10 87 5 30 -93 -8 55 85 -44 -81 -13 -53 -44 -15 -81 -31 81 -86 -1 83 19 73 67 -16 49 73 60 -65 -63 -49 9 50 -13 98 81 36 85 -14 -47 73 -64 -9 -64 58 -100 52 -10 -41 68 -40 42 -29 -3 -11 37 -93 66 -35 -53 12 35 51 77 -54 -71 -82 -77 48 67 -50 91 -52 87 -55 -49 5 75 -33 -69 -13 5 20 -2 44 95 37 22 -22
82 93 85 54 -58 -24 38 -34 79 -83 -82 39 34 63 -48 89 14 0 -76 81 36 28 -93 91 60 -29 -81 -58 -87 -12 -17 -72 59 -96 -30 99 28 61 29 12 -89 -11 -5 -35 -55 87 -57 -63 -54 -25 -70 -4 -99 -70 48 -25 28 94 -69 -60 -94 55 40 34 5 -16 -71 13 -96 -56 94 87 -34 20 -94 -20 96 -9 77 79 -2 65 -77 11 -71 100 -59 -4 19 -45 -51 -13 -35 -72 -18 12 70 46 32 42 26 -68 -92 -95 -48 -2 -34 -98 -70 19 -89 -47 88 68 83 -92 -67 73 -6 -6 -18 -44 29 -1 55 81 39 -27
85 -13 65 16 -62 2 -42 -42 -94 -23 27 -72 -93 3 -56 37 -95 56 5 27 -37 -73 30 -18 91 -92 -20 -3 -99 -98 84 13 -47 -12 -51 2 -24 54 -34 14 -5 90 -83 2 4 -59 48 57 -67 -95 -44 -61 27 -32 -62 78 -33 79 20 -100 -74 100 -91 60 100 65 15 7 12 27 -34 85 -32 8 -78 29 83 9 -40 70 -95 69 -39 -26 63 54 -19 87 -33 76 86 -35 33 -63 -66 -23 -48 62 -80 -69 57 46 34 31 69 62 -81 -61 98 35 22 -22 -65 1 -48 5 -37 -20 -59 -58 -94 -14 -12 79 46 -67 -30 -99
97 -88 19 -27 -96 35 62 25 -19 -8 -42 10 -39 11 -30 -94 75 33 -39 68 50 -89 -75 -18 44 -37 25 97 -10 1 37 49 58 -71 -14 80 34 -31 -16 58 42 -28 94 25 52 71 -28 21 -66 -100 -29 47 -3 62 16 92 -94 65 31 35 36 46 24 -45 -51 -38 83 53 -43 -15 56 -99 93 68 73 92 -28 -98 -81 3 -47 -85 5 1 4 28 -28 81 -26 -61 96 -90 76 6 7 -23 -38 -7 83 -100 18 -67 -21 -85 -17 -54 63 -89 -32 19 -36 -30 -89 -7 77 -62 19 -34 -16 -77 6 -32 -87 34 -30 -50 12 37
-90 -11 38 43 37 -14 80 -91 -72 44 37 88 -18 79 -93 50 -99 -72 -16 51 13 30 71 42 25 46 -6 -51 25 18 28 21 19 3 -99 -39 18 98 -66 49 -88 -22 9 -100 -30 52 43 -2 -56 -84 -48 -12 -95 49 -67 36 -60 24 -77 22 -67 16 74 26 -30 -81 -3 -96 88 -96 47 19 -57 7 -88 -85 58 43 42 77 57 -66 -67 -14 -66 57 59 77 36 -2 67 84 -41 61 -92 55 -5 60 -59 42 -99 85 -28 31 -40 -56 -66 51 -44 -47 96 -31 -32 -40 -50 48 83 78 70 -67 92 41 -71 -78 -27 73 1 -31
14 32 11 68 88 -34 -100 84 -16 -78 -99 98 20 10 -100 -42 89 54 91 -29 -51 -43 -75 60 -28 -4 -33 21 -58 -78 -63 78 30 26 -33 50 -52 -20 77 72 -76 3 -90 80 -42 -77 -99 -54 -75 78 -45 22 75 39 -23 -69 48 -89 39 -51 61 20 94 -9 -26 -31 -76 -62 6 -32 81 -54 37 43 11 75 -1 -86 -19 -75 -46 72 -50 73 -85 -99 65 28 83 -71 -82 7 -62 -38 -58 -85 -7 -75 68 -83 6 -59 -49 -77 25 5 -61 75 96 -18 -5 -100 -70 85 37 -31 66 -62 73 67 -42 23 50 -90 41 28 19 -1
-7 -57 30 7 -41 82 -31 -56 -7 -82 -99 -93 -9 18 -37 64 60 42 -78 -33 -69 -12 -69 90 58 -16 -40 -64 -32 -82 -59 -70 34 -43 -94 -84 48 5 76 -14 59 97 7 -4 -69 -18 -87 13 16 75 -91 9 55 16 65 -1 92 61 -90 -88 -4 -49 65 -14 -29 -61 -71 -50 -33 60 -45 19 -2 -5 -50 -18 19 -87 -39 26 7 94 -13 48 86 47 98 -65 -19 46 12 58 62 -91 4 -74 -54 96 -16 -42 -71 91 -40 17 -41 -72 -57 -16 32 8 60 -17 96 17 -19 31 9 -56 3 -80 -13 13 -25 72 -2 -71 -6 -57
-70 -78 -15 -58 -91 41 86 17 12 29 -99 -81 80 -70 -20 -65 -39 40 -51 -74 15 45 -91 -64 91 -92 -75 79 20 47 -95 57 -82 100 91 -96 -56 10 2 31 -48 63 73 66 -81 -12 -43 -67 -79 -34 20 0 24 39 -56 61 19 -17 58 15 63 -6 -93 -40 -33 47 -21 -43 81 -41 -75 0 -38 88 -75 80 -91 -55 -25 94 -2 -19 98 -55 62 99 -56 56 -70 84 -56 73 -34 37 -17 -76 92 -82 -37 70 -23 70 -54 12 -91 -26 76 61 29 97 -95 -80 35 73 1 61 79 64 0 -6 -57 -11 93 -11 -90 76 95 -66
7 59 -33 76 -52 -53 9 -49 -97 -42 76 68 -67 -16 -98 84 64 -87 61 80 29 72 64 -46 -89 0 -44 -13 -95 -13 -6 97 -82 98 -58 -73 67 81 -66 18 -96 62 42 88 68 -37 36 34 -76 -20 -33 46 -10 38 -3 -56 62 -26 -12 -33 -79 14 91 77 -35 -97 -62 -5 -92 -54 -99 80 -27 -49 -58 44 27 28 -17 81 -69 -68 63 44 -63 -12 75 95 66 15 -49 -53 81 14 -34 5 -87 -16 27 23 -46 -36 -33 86 -25 53 -73 70 -33 76 -32 -92 -13 38 87 -21 -29 41 -66 90 -26 10 80 -47 89 -46 -65 17
99 -67 68 -70 40 -94 52 -74 -57 -89 -88 22 67 25 -49 -45 -44 45 -23 2 -17 36 -20 52 -1 17 81 -39 -75 51 62 55 16 -64 -68 70 48 -46 -43 -61 73 8 12 44 40 -11 68 28 77 -93 -94 -12 -13 19 35 75 -63 -95 -5 89 -23 -35 25 -88 -34 -88 -25 -77 65 0 51 73 -16 20 22 -16 94 91 -83 -19 33 -34 -13 68 89 -29 40 12 55 38 -94 33 24 49 29 -69 -58 -75 -53 63 -28 8 -14 93 22 -69 -47 61 -61 -69 -99 32 67 -35 9 3 -89 -8 8 -91 16 12 100 -39 79 36 -27 -50
-20 23 -22 -52 -100 21 85 45 14 2 14 -19 60 -86 17 -61 -49 -66 40 16 66 -72 24 88 64 50 66 58 68 -12 60 -98 -58 -55 -14 -17 -74 12 -39 -38 75 -28 45 100 13 9 93 21 3 -90 69 69 80 60 -100 81 47 30 -39 -93 -29 88 65 59 -33 71 -46 19 19 -4 -4 23 59 -67 -4 42 -4 -29 76 28 -48 -87 -99 -13 -33 25 72 18 -98 -19 -81 -61 8 83 46 -71 -43 17 49 -97 43 -16 71 -36 70 33 70 -34 59 13 -22 64 61 -27 -91 46 52 8 -45 58 -13 14 3 -80 71 -22 -89 8
-78 94 -10 93 1 -10 -65 -60 9 46 95 80 -41 -78 58 -37 85 0 18 -10 43 -34 -56 75 52 -85 15 91 15 -15 33 -29 -27 -4 75 95 -60 87 43 31 -14 -22 -38 4 81 27 66 -95 100 -83 -42 -79 -40 -87 68 -6 76 -19 -42 -43 -9 -92 -92 -78 -36 -35 44 -20 94 -89 20 -1 -29 -65 -89 -6 -10 22 -73 92 -39 29 -37 16 -99 52 85 -26 -53 -97 -61 -63 33 -5 81 91 -18 -22 3 -69 83 25 -3 -93 -100 34 58 0 50 31 90 68 25 49 -94 -87 73 -48 41 41 -11 -86 -71 45 96 26 95 -21
94 4 -4 48 -35 -84 -13 -30 31 -35 -20 -16 75 -72 -98 93 -87 -23 -96 -63 59 -14 71 -25 -57 -35 -27 32 -63 63 -83 -40 -67 -97 22 -1 -67 59 -94 66 -57 4 -49 89 53 -91 65 -37 -65 23 -42 -23 -53 6 44 46 -5 -29 43 -17 60 38 1 -78 -52 -23 -91 -73 64 19 56 100 3 76 24 49 95 -95 -90 85 -49 -22 52 17 -99 78 73 -6 62 96 -49 -48 91 0 -5 -30 91 -33 33 1 -88 9 48 7 56 67 -43 61 55 56 -54 -5 89 47 94 -90 -15 64 63 67 -89 90 -95 56 23 10 -87 -35
-41 -94 87 19 -30 97 -21 18 -8 -13 9 96 -14 28 47 -67 -85 -82 -83 15 37 52 -88 -97 -47 77 -83 13 99 81 -54 -69 -9 22 -99 63 -47 59 62 -34 -56 -15 -39 67 54 -19 85 67 51 91 -78 63 -9 36 -35 71 61 -7 61 -66 -55 -24 -74 95 -93 79 -81 0 -43 93 99 46 -54 8 5 47 96 -7 30 -43 38 49 -27 95 54 52 -87 44 53 76 -20 -32 -36 51 42 -14 1 -14 -87 39 56 -34 9 23 37 -85 76 -72 34 -81 80 87 56 89 -60 36 -74 -47 -52 45 26 -2 46 -15 -35 -55 1 -17
81 46 -46 -71 -55 28 7 97 15 43 35 -55 -65 -78 57 31 93 -8 -98 -73 77 49 -37 -74 -68 59 -33 -79 50 -68 45 -90 67 51 36 20 48 65 26 5 43 10 -99 37 -75 32 41 77 -41 -49 -16 -1 67 -23 2 -97 10 19 47 -28 -46 -94 17 88 29 36 -59 -43 58 4 -2 -12 -97 -7 -62 62 -57 -30 61 98 -42 -56 60 1 -77 46 -36 -59 62 -8 87 28 28 32 70 23 80 81 -33 41 -62 74 -22 -5 -97 25 -20 67 -41 16 38 75 -2 -36 91 -16 -39 6 -42 -12 -12 -24 -47 -31 75 35 35 -37
-82 -43 93 26 -25 7 -76 -56 31 -32 22 0 33 -73 -33 69 -32 87 -74 -76 59 87 97 62 -36 50 -22 5 38 -53 35 89 24 30 -1 -20 73 -99 -79 35 -46 -77 49 78 25 -91 -36 44 -55 1 -51 3 -19 77 -47 -18 68 1 20 63 -66 100 -53 -37 95 6 -59 -19 99 -79 59 -97 85 93 -81 2 -45 32 -51 -65 71 -14 -33 -66 -46 58 66 -46 -33 22 -29 33 45 -31 -80 28 -60 -62 68 74 91 57 -45 36 77 89 -100 23 22 99 -12 -22 64 -72 -38 -55 85 -20 82 9 42 43 -84 57 -56 68 -63 -50
29 72 -7 74 97 -72 -59 26 -20 -95 47 58 53 -31 83 71 -14 6 85 2 41 99 -33 81 -33 -81 -59 68 -5 93 28 21 76 -56 15 19 82 47 79 83 54 -77 38 55 24 -76 9 7 66 7 99 89 -33 56 53 -55 -56 73 -11 -18 75 -88 -65 0 85 -60 -13 72 70 -85 43 -4 12 -24 58 8 16 85 6 -61 -42 -90 78 -63 68 7 -63 6 -21 -24 -32 -60 -29 20 30 14 44 88 40 77 -56 -10 48 -61 -67 60 -70 28 27 85 -84 -95 68 -95 -49 4 20 8 44 -78 11 94 -87 0 10 19 73 -95
66 -93 -51 -40 -100 84 21 -67 15 -100 -100 52 37 -15 -26 0 -86 72 97 100 58 43 12 -96 96 65 -11 72 -52 -30 32 26 -20 -82 -42 -16 -63 23 32 -46 -24 -36 69 12 -88 47 45 -5 -51 -99 -10 64 87 -94 -39 36 31 -56 -49 -88 -95 -12 -57 88 -24 -20 48 51 13 -48 -29 96 -85 -83 74 53 -29 -54 -85 15 22 75 99 98 64 -63 -17 67 43 93 55 -32 -48 82 27 56 98 -100 57 57 38 99 71 -29 15 -57 25 -7 -4 49 30 56 -98 88 26 -58 18 -5 96 46 -94 -94 9 63 -55 48 53 -100
-22 82 53 91 -72 -34 87 -15 94 -95 85 46 91 -78 85 -43 43 -76 -94 -97 -76 98 50 6 -64 15 -11 -63 14 20 -50 -12 43 21 -48 95 -100 2 -75 31 14 -47 -97 -19 -7 -91 64 27 -3 -17 56 -69 30 98 -25 94 7 -91 92 46 97 55 79 -67 -56 61 -9 -38 23 100 -84 58 -65 -5 -98 -57 39 -54 -74 -89 90 52 62 -50 22 16 85 -38 39 38 43 -10 -75 -15 -64 96 56 -9 44 92 11 -48 -57 79 20 1 3 -85 -33 31 -48 -84 -71 -68 -69 36 58 23 25 -2 -75 -62 -43 14 66 -97 -72 -77
16 98 -1 -6 80 65 17 27 -13 -26 16 39 -13 -59 -77 -16 -18 -81 85 45 35 70 80 11 -87 27 -52 -56 -1 -85 -23 -47 -82 61 -28 -61 40 7 -94 71 -79 -45 68 -27 89 6 -28 -92 -17 -81 3 91 -86 -29 21 -35 34 39 -20 -19 59 -72 -9 57 -41 -91 -16 67 49 -81 12 -31 -81 93 90 -83 -3 -77 60 12 7 31 -76 73 98 -66 9 -32 -18 -89 -20 -62 19 98 -25 -63 -80 17 76 -68 5 73 94 82 5 -51 -54 74 -8 28 -74 66 -17 -34 -13 58 47 -58 -52 98 45 -75 -2 -68 -71 -83 -2 78
-78 -45 80 -83 2 70 47 31 76 69 22 -40 -35 11 72 62 67 -69 25 -98 -42 -15 83 97 83 91 9 -71 2 -32 3 -65 7 -7 43 78 24 -93 -69 9 -90 -12 49 -16 -68 92 -1 38 53 -54 14 -63 89 -60 55 97 -41 -15 -24 -73 -56 -90 76 -8 -11 46 98 48 92 78 46 -63 29 98 -4 49 -8 29 -95 -57 44 21 -30 92 -73 -94 3 12 22 41 -43 4 -50 -76 -44 51 -59 77 -24 -3 69 -72 55 80 -11 -43 -1 28 -60 1 15 -32 -31 -17 89 74 21 -19 -88 -31 30 85 60 6 -67 10 3 -22
-61 -55 -12 30 -99 68 -33 96 -55 56 -57 75 -72 -85 -25 -91 -49 -48 -52 -3 44 97 21 -9 -64 -78 55 86 11 -74 11 -91 56 -89 39 39 -75 21 -39 -43 56 25 97 -9 -22 -20 92 -1 -79 64 -54 61 -74 96 68 -65 -86 -21 29 98 47 -13 70 89 0 -18 98 10 8 -66 62 -99 -68 -96 -7 44 -63 -74 19 -31 92 46 5 77 24 72 -6 75 43 -16 98 36 30 -95 83 -32 13 -90 -80 -23 -50 -62 67 47 -51 52 -33 26 97 72 100 -21 66 43 -93 48 -56 -60 100 -66 31 -87 -42 -74 -86 86 -71 -43
6 51 20 20 -67 -55 -75 47 -3 -96 -67 -20 48 45 -47 -14 13 91 100 -3 21 78 39 -24 0 -29 -98 -34 -93 -29 79 17 -42 54 86 -77 22 -86 -36 4 88 -6 24 -43 -7 -50 -84 -32 81 44 -67 47 31 -1 78 -69 -85 33 72 -84 0 32 57 -93 -46 22 55 78 -95 -49 -39 25 7 11 66 38 -90 -13 -71 -7 65 -51 -38 -57 -21 91 -9 -13 63 -71 -36 -60 -43 16 -44 88 79 -97 34 32 -97 68 76 36 23 -88 -81 -6 -38 -78 82 -56 -76 73 87 38 -90 -7 19 20 -21 -13 -3 98 -46 38 5 58
-41 -54 67 98 9 -12 27 38 39 91 60 5 -43 5 -8 91 -48 -29 -50 -83 -7 28 61 84 36 14 -90 83 61 -78 -23 -39 -43 1 -43 3 -7 5 -86 15 -2 -22 7 27 60 -62 56 -91 -9 21 -17 77 36 86 -62 -65 63 -63 27 15 -23 6 61 27 11 63 -63 -5 -54 87 -99 100 -59 -81 12 5 -46 97 -69 -42 98 -9 -99 53 63 -50 88 32 35 94 -41 83 23 -30 -32 71 -71 81 -8 -7 84 32 -65 -24 -95 77 -11 -58 53 -4 78 -4 66 71 49 -1 -60 88 -87 -46 -6 -37 -31 30 -30 -59 -97 40
-69 2 24 -8 -9 78 -69 -54 87 -5 100 12 -41 10 -55 -41 -9 -61 -5 -85 47 71 -5 97 38 -42 -27 -98 -68 37 -27 11 40 74 80 -83 -80 -45 -6 32 39 16 -17 -74 -21 -56 16 -24 86 -100 -22 -73 -1 65 -67 2 -58 65 6 32 95 -47 55 38 -73 -6 15 -74 -55 -2 97 -59 -68 -62 41 -51 79 51 91 46 -51 49 4 13 24 -41 54 -56 46 -76 -81 84 -90 15 -92 44 1 -89 20 -38 -48 95 4 73 54 -68 -30 -33 -100 97 28 -40 87 98 -11 -20 -18 -56 -42 -36 -22 -24 -49 -59 -75 63 -59 -23
-49 77 -13 -45 97 98 57 -21 -31 -98 -54 -1 22 87 -61 69 73 56 -45 98 44 -50 -72 -48 37 42 -77 53 74 5 24 2 -57 -63 -71 81 93 81 -10 75 -79 99 55 -34 65 29 18 -90 -30 -46 78 -28 10 -80 -24 -14 24 -34 -95 16 9 7 -50 -55 57 97 58 60 -29 43 16 -5 87 -21 -23 -93 60 -44 39 79 -1 16 -20 76 89 -51 -57 -88 -80 100 -78 26 91 -65 -44 -3 -22 -93 95 -90 73 68 -53 7 84 -74 -80 43 55 -9 90 -54 52 84 79 -74 -87 60 58 -18 17 44 -89 -41 20 51 82 58
-52 -78 48 -44 96 -73 -25 69 -78 4 3 93 -22 72 -35 37 63 99 -23 -88 25 37 -68 -62 97 33 -71 -83 -70 -45 -16 -71 -51 0 32 74 -2 -60 97 -63 14 -25 86 40 -51 -88 4 47 23 21 -85 -23 -14 -91 14 -57 62 -29 12 22 -84 -15 7 -31 -51 46 -66 0 -54 76 -12 -68 22 -39 56 -50 38 30 -20 -83 49 5 63 -61 -38 78 95 -28 13 -74 82 47 27 53 88 -14 -8 20 -60 83 -92 -87 -62 -61 -30 -42 -41 31 78 6 38 -42 -99 28 64 78 -59 -99 51 41 -16 62 -96 -84 97 -59 -73 -18
-54 -13 -97 89 -89 49 18 75 -6 -6 -14 -44 -74 14 86 17 -51 -36 32 -43 9 -76 56 93 -83 27 -100 41 34 51 1 -45 89 9 -38 50 -70 -54 -88 -6 -51 -53 -100 25 -23 -22 35 -97 -7 -94 0 -95 71 -39 25 -67 95 -8 -1 -87 -45 -9 26 -55 -47 -95 14 -27 45 51 -5 51 65 7 -76 -20 -81 1 85 61 -78 -55 11 -54 28 25 -79 16 17 -58 -52 -56 -25 23 72 -72 22 47 35 -9 33 -59 55 -97 47 -18 71 75 -51 30 68 86 45 -5 66 -30 -1 -89 -97 75 -65 6 73 -45 39 -43 -72 -33
65 5 48 -37 21 -63 72 -17 38 73 -73 -15 33 -28 33 -96 44 64 -84 -29 -6 30 -68 8 32 52 82 -78 9 93 -85 6 -64 59 -52 -68 -15 -44 47 -7 14 74 91 -20 14 69 90 -7 2 -16 -84 -83 39 81 17 16 46 -81 -74 -40 4 16 -47 -81 14 -63 -32 29 96 19 78 75 49 42 45 -65 -21 -90 95 48 67 -15 -91 87 -52 -5 -77 -15 -44 -88 -90 -29 -21 41 73 7 92 24 3 18 -84 8 82 15 10 10 99 -1 66 -90 -7 -91 -35 -83 -19 37 -51 -93 -83 -82 -89 -69 45 -72 -30 -94 -23 -57
-76 9 -24 -88 56 71 -22 -93 -80 -55 -33 -95 -74 18 5 -66 -24 -70 53 43 -45 -8 -24 26 9 65 55 21 -27 -85 63 -28 18 -18 65 15 64 79 -89 60 -40 -35 6 -53 36 90 67 16 -56 -3 -78 -33 91 -55 32 54 -76 25 45 45 82 -65 80 -45 72 -10 -34 32 -20 -68 -70 -45 -80 0 91 -16 54 -91 -82 59 -52 87 -34 -7 62 -87 80 73 -8 36 -3 42 76 35 46 71 74 34 22 20 -64 -79 -90 61 -88 -96 -48 -88 39 60 48 99 18 -6 83 3 -17 77 -77 -88 -63 -26 -62 -9 57 -17 10 -45
39 -82 -16 -11 -3 -77 -63 87 -84 20 -38 -20 -95 32 72 77 -98 10 87 3 48 78 -18 42 50 -48 -58 -48 -70 -7 72 -93 3 -45 40 -37 67 69 -74 98 -6 -11 -38 -47 -63 6 -17 59 87 51 -48 3 58 -93 -59 -91 22 -44 -12 52 -51 -88 38 -70 68 -93 80 74 35 41 -94 71 -66 18 -52 -70 -52 61 35 -91 59 33 -83 -52 -12 33 52 -75 21 -61 72 -75 92 70 -58 30 90 -2 18 -81 -28 37 -60 -93 -33 -14 2 9 95 48 83 13 30 93 17 93 19 -17 84 95 23 -50 -40 13 -98 -31 9 -38
22 -50 -34 -32 -17 -29 -96 88 -89 13 80 3 -69 -92 -29 47 98 69 91 30 4 -28 -72 -98 -6 -69 2 93 -20 33 65 32 -89 98 49 11 -98 -68 -82 -14 -15 69 37 5 -71 46 -24 2 66 24 18 -29 -3 -10 49 51 -84 -53 -17 78 -93 -5 6 -65 -63 -73 78 61 47 93 15 27 56 37 -84 8 34 -64 91 57 -90 22 21 75 23 -72 -17 40 71 78 37 52 43 -53 -92 62 -97 82 70 -88 7 59 74 98 -52 29 83 -38 76 8 -31 99 -100 -53 6 22 -95 -37 94 7 -36 -45 3 -34 -45 30 -2 38
-18 11 20 -57 -98 85 -7 3 -1 -58 0 100 32 -49 -91 94 -40 -11 -38 47 -66 -12 -28 5 -88 -52 30 -26 -92 -20 61 -73 -93 72 -80 -37 81 -78 -81 -20 61 80 69 96 -63 97 -100 -88 92 -41 2 13 -4 93 90 -58 70 6 40 26 -2 -81 -95 75 13 76 32 -77 58 -67 -78 55 -43 6 -92 86 46 22 -98 -2 37 70 63 -55 -58 97 97 -35 -94 -61 33 -93 -61 5 83 4 -70 93 2 66 -73 40 -77 52 -12 63 89 -71 42 33 -4 95 0 -39 48 6 17 -72 -22 93 -62 -37 46 -66 -99 -81 47 -32
-73 100 39 -72 1 -64 71 54 84 -66 -85 -70 -99 76 -37 10 11 -29 24 -79 -73 61 54 100 -88 81 -41 87 -6 14 -32 -59 -98 80 -70 -3 -88 -59 -32 -86 9 55 61 -2 3 -93 -71 47 -53 66 66 64 -31 -13 29 55 29 -76 -42 8 4 -95 2 69 25 -26 -88 11 -37 -91 -52 12 24 75 47 66 87 -87 56 69 -6 12 -47 -24 -1 -41 98 -99 26 41 37 37 -20 -83 -3 -36 31 82 -6 -87 -78 -19 5 65 -22 -28 -20 -47 69 -21 74 26 -29 2 -86 -46 59 -39 95 97 -90 30 -42 -94 71 -24 66 56
-39 -92 -79 58 74 -6 -38 -14 77 16 -67 90 -99 8 76 -75 93 -68 23 70 52 -52 94 89 -67 -67 64 81 8 -47 -6 -15 -44 69 7 59 -85 -61 -90 -2 77 -21 -21 71 84 89 -42 52 -14 -78 44 56 60 -80 66 59 23 71 -74 -58 49 61 -95 51 -99 36 -8 95 -89 65 74 -15 -53 0 71 82 23 -84 -96 43 -38 98 -74 29 -77 64 -26 -98 65 -74 65 43 -46 94 -20 -92 -88 -60 -29 65 86 33 -58 -89 -29 96 -21 -43 44 61 -72 10 -69 8 -47 70 64 -79 -70 66 29 91 97 -17 30 -75 14 -83
83 21 -37 -11 70 -71 51 75 -98 -77 72 -99 55 85 63 -92 -32 -93 -67 51 -48 33 -5 24 -48 44 -51 -40 11 50 35 -65 77 -73 -73 65 10 -84 -2 17 -30 -3 -50 54 53 -88 -3 -38 -66 76 47 -83 40 11 29 27 -31 -4 -83 -42 -2 -22 -31 -30 -34 66 41 -36 -96 -58 -69 85 -70 -55 -72 -99 89 51 -29 -66 -60 -3 -56 11 -73 78 -6 73 -11 -25 -32 -14 44 80 -49 72 -70 3 14 -6 13 94 67 41 -22 27 -32 -53 77 57 -94 51 66 -17 89 53 -9 38 -93 -52 25 -39 -97 -31 -10 78 90 82
-8 -86 60 98 95 6 73 -83 94 95 62 27 55 56 4 -32 -74 49 -49 -31 53 -80 43 -87 -21 79 -34 93 -48 -7 86 32 15 86 -80 -98 -83 -81 90 -66 55 2 67 72 100 -89 -22 3 92 37 61 -31 -91 53 -21 34 68 31 96 -10 55 -63 91 -12 -60 62 -69 32 -3 -17 13 51 87 75 -16 -74 84 45 -53 -3 -49 -6 92 76 99 -6 -93 -34 -99 -9 40 -16 20 -42 25 -51 86 47 -53 52 4 11 14 -22 -31 16 96 15 87 -96 -26 42 35 -3 18 -100 -70 -83 -23 -6 18 -66 -88 -21 2 -69 -61 -6
84 -43 -92 79 4 93 -77 44 -8 73 -52 57 59 80 54 53 -26 25 -98 77 -43 42 -99 -89 59 32 -3 -1 75 -93 32 79 72 -83 62 30 -36 47 51 91 -43 48 -20 30 -71 79 -49 -12 -73 87 -55 -69 96 -89 10 -46 2 84 10 -19 -34 -97 -89 82 -57 14 35 -72 98 -74 67 47 37 -39 11 -11 -27 -61 96 -78 41 -6 -20 21 3 -71 -55 -8 40 10 7 16 45 -53 -90 -97 29 93 -49 55 62 -20 -73 -71 77 -34 -28 -68 13 -98 -84 -32 -31 -9 15 -97 -100 -62 21 -44 -92 -14 -60 37 -43 -30 50 13
48 12 6 -49 8 52 53 -95 -51 -93 87 -85 89 -71 30 50 43 25 34 -32 45 49 19 -73 71 31 65 -39 -88 -44 55 44 97 -61 83 77 82 42 -49 3 -37 -62 -92 18 -37 70 85 -79 84 73 38 -83 56 -72 43 69 -58 46 0 84 19 -72 17 42 90 -95 23 -93 -32 13 97 67 -88 -20 0 -44 88 86 46 44 75 -84 -56 92 86 -76 20 11 -25 100 37 -86 72 0 -90 -40 55 1 -46 92 93 -54 57 -27 -12 36 68 -44 9 -88 -65 -98 74 -30 -73 47 45 52 54 89 -16 -29 95 71 -13 64 -46 12
76 31 50 52 70 -54 70 85 -74 -47 -54 63 34 -16 24 -16 -14 -49 19 -14 76 20 22 22 -72 -69 -72 17 88 -66 28 62 82 8 -42 41 1 100 70 -37 16 37 29 -92 -64 1 67 -6 -24 9 -51 37 76 -83 34 54 -58 -16 -10 57 41 -50 -64 73 93 -90 69 42 22 -21 -38 -72 -45 -88 -51 -73 -76 -55 -5 -70 -59 100 47 -24 71 -58 -74 -68 14 -46 -68 -27 46 9 -79 9 -93 77 34 -78 -95 3 -43 66 -45 39 -81 25 45 -45 54 6 23 8 -19 14 40 -16 22 -55 -86 24 -30 -79 65 67 29 -22
53 60 -63 39 -95 39 -63 88 94 67 -90 89 49 39 -7 23 -23 27 -43 19 -13 54 -78 8 -20 -81 88 -37 -85 78 -80 28 -30 -76 -80 92 59 62 90 44 -80 59 83 -43 -98 49 -96 -12 -9 80 -34 -6 68 -35 -31 -7 -60 -49 94 68 1 -7 -58 -5 61 -4 45 24 -71 60 -17 79 -86 -55 74 36 -55 94 -88 -7 -47 99 74 11 -42 71 -60 -80 -3 -100 -65 -57 -100 0 33 5 -24 67 19 -25 15 -9 92 42 -14 43 -75 -40 -95 14 -87 -70 -36 45 -27 -17 86 35 2 -15 -43 -42 50 -67 5 22 93 12
-38 39 -34 92 -13 -11 -25 -51 32 13 74 -83 -45 99 -35 70 -87 -10 -27 98 94 75 -90 49 10 -91 -24 -45 1 55 -5 4 51 31 45 -30 -6 20 -99 91 -59 74 -24 3 30 51 -77 75 87 34 49 90 -28 34 68 -31 -42 -26 13 93 7 -35 53 43 -98 -77 -79 -32 12 -9 -71 -12 52 69 -2 46 -20 14 -65 82 42 87 -63 -25 30 -81 19 -11 100 94 -75 33 -37 -64 -69 -35 100 -41 88 -48 36 -99 29 11 50 -27 -56 69 -8 32 -25 17 -82 92 79 26 -86 78 3 -34 -50 69 -98 -38 62 -43 12 -69
85 -1 33 -92 -65 56 60 30 -69 59 42 5 39 -24 36 -31 15 97 15 0 91 32 -40 60 35 -53 -32 -95 41 -29 8 16 -41 14 63 -14 -49 -86 4 -74 2 -91 -26 67 1 -92 -32 14 -6 -13 36 19 -39 -41 -21 68 -95 63 36 -87 -90 65 30 63 -79 43 -26 8 43 5 34 -42 -65 79 -38 -43 23 -97 -33 85 -38 54 74 96 42 24 -1 6 32 -82 18 -92 -51 -84 94 -26 -40 -14 -30 24 88 74 44 -39 75 6 -100 -63 -80 -85 -84 94 -23 21 46 -88 -16 -42 -35 -51 -79 -71 -14 -29 -69 88 94 65
-3 62 36 -92 -72 97 26 17 -9 -22 -63 -56 52 -100 -29 -96 22 -78 58 52 49 96 24 -92 -94 9 -27 85 21 -31 10 54 78 -100 -48 20 76 -67 100 -47 86 -56 -93 -46 18 -19 2 -44 17 26 38 75 31 48 -18 -27 -27 6 39 -77 -99 -28 -24 -84 18 100 -26 -100 52 34 -19 -87 45 -25 18 0 33 69 86 -69 93 8 44 43 32 42 3 90 38 -10 -30 95 -34 -26 -8 -23 91 21 -54 31 -7 -5 -83 -44 -52 -25 -20 37 -74 -71 36 82 -97 -22 1 -95 83 98 -41 97 78 -5 46 29 -50 13 90 56
-27 44 74 33 96 -33 62 -76 20 50 -9 56 12 -92 4 -1 -3 -43 -100 -79 21 61 39 15 -87 0 41 -79 21 28 -56 72 -63 61 -57 -76 -84 -88 97 -52 34 -84 -33 52 -4 91 -91 39 29 1 43 -58 9 84 -9 -24 39 -27 86 -79 -87 58 -58 83 90 31 -4 20 -80 -93 -86 6 -30 -37 29 41 -65 -73 -69 -14 32 -27 -63 -65 -86 -44 30 9 97 -46 -28 -25 -88 84 94 -14 70 -19 44 86 79 -99 -60 -64 -82 -32 31 -79 56 -98 52 -12 -66 -27 44 -35 -74 90 -10 74 13 -2 -85 -85 95 -81 -4 65
-14 53 44 -58 -80 -77 -86 95 37 56 -51 -4 3 48 39 -86 -74 11 -31 24 34 -54 -79 -50 -24 -46 -43 3 8 -40 50 -12 14 6 -86 -79 27 -61 -86 65 -51 -86 -91 -70 -35 -81 90 -10 77 -68 -87 -95 -50 -80 -52 -34 63 -88 29 -85 17 -25 -79 50 32 -35 12 -39 -18 -44 33 17 8 56 72 -25 25 10 -82 59 0 -8 -35 -66 83 72 -35 -14 -78 87 56 -9 78 -51 58 76 -78 23 44 -31 -26 -22 -96 -81 -7 -71 -35 29 -26 21 99 -90 -23 84 48 -53 -43 -98 -10 46 -93 -47 -86 -83 -18 -21 54 -36
-97 90 45 18 40 18 86 -5 70 85 71 -46 -25 -20 46 52 -83 8 -88 -81 97 -5 -29 36 50 37 46 74 43 18 59 85 -68 -8 -3 2 -38 -53 74 34 -5 -16 51 -56 75 13 64 -73 -20 5 -14 41 -63 91 30 34 91 -47 -92 -80 26 66 50 -76 -63 25 96 -58 27 6 -8 -48 -33 66 36 -65 -44 -43 29 -7 43 -75 66 49 8 17 -30 96 -36 92 87 40 -60 16 -61 -12 -80 -51 75 -65 13 -41 -87 -1 -64 55 -44 80 -39 37 -68 36 12 55 65 2 -50 77 27 82 -77 -46 53 28 73 -48 -55 -60